4.31
2.76
1.15
1.05
0.77
0.49
0.34
0.27
0.24
4.5
2.2
2.13
1.97
1.65
1.6
1.46
1.36
1.27
1.1
1.05
0.97
0.93
0.82
0.79
0.77
0.73
0.69
0.67
0.59
0.59
0.5
0.48
0.45
0.45
0.43
0.4
0.39
0.39
0.37
0.36
0.34
0.34
0.33
0.31
0.29
0.26
0.24
0.24
0.22
0.22
0.22
0.21
0.19
0.17
0.13
7.81
1.64
1.59
1.18
1.12
1.1
1.08
0.87
0.78
0.77
0.72
0.66
0.63
0.62
0.62
0.58
0.55
0.54
0.54
0.5
0.5
0.5
0.4
0.39
0.38
0.34
0.34
0.32
0.31
0.28
0.27
0.25
0.22
0.17
0.15
0.14
3.2
2.28
2.14
1.31
1.13
1.11
1.1
0.78
0.77
0.5
0.48
0.46
0.4
0.34
0.33
0.29
0.17
28.31
4.16
4.01
2.17
1.85
1.52
1.52
1.45
1.27
1.22
1.1
0.82
0.69
0.27
40.24
3.5
1.96
1.5
1.32
1.05
1.03
1
0.92
0.51
0.45
0.41
0.03
0.02
6.51
3.08
2.73
2.65
2.52
2.2
1.96
1.76
1.64
1.5
1.36
1.23
1.2
1.2
1.15
1.14
1.05
0.96
0.57
0.37
0.29
4.38
3.02
2.56
2.4
2.15
1.42
1.25
0.93
0.84
0.81
0.65
0.47
0.45
0.26
0.08
0.07
17.28
7.46
5.58
3.87
2.42
2.14
1.56
1.51
1.43
1.25
1.18
0.76
0.51
0.24
0.03
30.26
18.14
5.34
4.17
2.12
1.99
1.94
1.67
1.61
1.28
1.2
1.1
1.1
0.85
0.47
0.15
0.06
20.61
4.85
3.41
3.12
2.85
2.6
2.23
1.56
1.48
1.4
1.19
1.17
1.15
1.14
0.33
0.3
4.61
4.34
1.98
1.77
1.76
1.75
1.65
1.39
1.18
1.14
1
0.93
0.76
0.73
0.63
0.48
0.44
0.42
0.39
0.38
0.38
0.33
0.33
0.32
0.29
0.28
0.28
0.28
0.28
0.25
0.23
0.2
0.18
0.18
0.16
0.15
0.12
0.08
0.07
0.06
0.05
11.18
8.76
6.3
6.03
5.13
4.1
3.83
2.79
2.75
2.67
2.45
2.19
2.14
2.05
1.68
1.66
1.24
1.21
1.12
0.97
0.79
0.78
0.58
0.57
0.46
0.39
0.29
0.28
0.28
0.23
0.22
0.16
0.16
0.13
0.13
0.12
0.07
0.07
0.06
0.06
0.04
0.03
0.02
10.55
2.99
2.39
2
1.93
1.83
1.75
1.75
1.7
1.5
1.45
1.2
1.17
1.16
1.15
1.02
0.98
0.8
0.78
0.73
0.69
0.62
0.56
0.53
0.53
0.52
0.49
0.46
0.45
0.36
0.36
0.35
0.32
0.31
0.27
0.22
0.19
0.19
0.19
0.18
0.17
0.15
0.14
0.13
0.12
0.11
0.11
0.09
0.07
0.07
0.07
0.07
0.07
0.06
0.06
0.05
0.05
0.05
0.05
0.05
0.03
0.01
9.3
5.19
3.91
3.61
3.42
3.07
2.81
2.39
2.08
1.95
1.82
1.79
1.76
1.53
1.42
1.41
1.39
1.34
1.27
1.11
1.07
0.91
0.87
0.81
0.81
0.81
0.79
0.78
0.7
0.7
0.59
0.57
0.56
0.55
0.53
0.53
0.46
0.45
0.43
0.41
0.4
0.39
0.38
0.37
0.37
0.37
0.37
0.36
0.36
0.36
0.36
0.33
0.33
0.32
0.31
0.3
0.3
0.29
0.28
0.28
0.27
0.27
0.26
0.25
0.25
0.25
0.23
0.2
0.2
0.2
0.19
0.19
0.18
0.18
0.16
0.14
0.14
0.12
0.12
0.12
0.12
0.12
0.11
0.11
0.11
0.11
0.1
0.09
0.08
0.08
0.08
0.08
0.08
0.07
0.07
0.07
0.07
0.07
0.06
0.06
0.06
0.06
0.06
0.05
0.05
0.05
0.05
0.04
0.04
0.04
0.04
0.03
0.03
0.03
0.03
0.03
0.02
0.02
0.02
0.02
0.02
5.15
4.21
4.12
3.84
3.24
3.2
3.19
3.03
2.36
2.31
1.93
1.83
1.56
1.3
1.27
1.16
1.15
1.11
1.07
1.01
1
0.9
0.89
0.87
0.85
0.76
0.71
0.71
0.62
0.62
0.6
0.6
0.58
0.57
0.55
0.5
0.49
0.47
0.47
0.47
0.46
0.45
0.45
0.45
0.42
0.42
0.41
0.41
0.4
0.4
0.4
0.38
0.38
0.37
0.36
0.35
0.34
0.34
0.33
0.32
0.32
0.32
0.31
0.31
0.31
0.3
0.3
0.3
0.3
0.3
0.29
0.28
0.28
0.28
0.28
0.28
0.27
0.27
0.27
0.25
0.24
0.24
0.24
0.23
0.23
0.22
0.21
0.21
0.2
0.2
0.2
0.19
0.19
0.19
0.17
0.17
0.17
0.17
0.16
0.16
0.16
0.16
0.15
0.15
0.15
0.15
0.14
0.14
0.14
0.14
0.14
0.14
0.13
0.13
0.13
0.13
0.13
0.13
0.13
0.12
0.12
0.12
0.11
0.11
0.11
0.11
0.11
0.11
0.11
0.11
0.11
0.1
0.1
0.1
0.1
0.1
0.1
0.1
0.1
0.09
0.09
0.09
0.09
0.09
0.09
0.09
0.09
0.09
0.08
0.08
0.08
0.08
0.08
0.08
0.08
0.08
0.08
0.08
0.08
0.07
0.07
0.07
0.07
0.07
0.07
0.07
0.06
0.06
0.06
0.06
0.06
0.06
0.06
0.06
0.06
0.06
0.06
0.05
0.05
0.05
0.05
0.05
0.05
0.05
0.05
0.05
0.05
0.05
0.05
0.05
0.04
0.04
0.04
0.04
0.04
0.04
0.04
0.04
0.04
0.03
0.03
0.03
0.03
0.03
0.03
0.03
0.03
0.03
0.03
0.03
0.03
0.03
0.02
0.02
0.02
0.02
0.02
0.02
0.01
31.37
11.89
9.87
6.82
5.74
5.12
5.05
4.63
4.05
3.77
3.51
2.94
2.85
2.79
2.65
2.44
2.4
2.35
2.14
1.92
1.83
1.74
1.59
1.59
1.54
1.52
1.45
1.44
1.4
1.36
1.32
1.31
1.25
1.22
1.17
1.17
1.17
1.12
1.05
1.05
1.04
1.03
1
0.96
0.95
0.94
0.92
0.92
0.9
0.88
0.88
0.87
0.85
0.83
0.82
0.77
0.76
0.72
0.67
0.62
0.62
0.62
0.58
0.55
0.55
0.55
0.55
0.53
0.53
0.53
0.51
0.51
0.5
0.5
0.47
0.47
0.46
0.45
0.45
0.44
0.44
0.44
0.44
0.43
0.43
0.41
0.41
0.41
0.4
0.38
0.38
0.38
0.36
0.35
0.35
0.34
0.33
0.33
0.32
0.32
0.31
0.31
0.3
0.3
0.3
0.29
0.29
0.29
0.29
0.29
0.28
0.27
0.27
0.27
0.27
0.26
0.26
0.26
0.26
0.26
0.25
0.25
0.25
0.25
0.24
0.24
0.23
0.23
0.23
0.23
0.22
0.22
0.22
0.21
0.21
0.21
0.21
0.2
0.2
0.2
0.2
0.2
0.2
0.19
0.19
0.19
0.19
0.19
0.19
0.19
0.19
0.19
0.19
0.19
0.18
0.17
0.17
0.17
0.17
0.17
0.17
0.17
0.17
0.16
0.16
0.16
0.16
0.16
0.16
0.15
0.15
0.15
0.15
0.14
0.14
0.14
0.14
0.14
0.13
0.13
0.12
0.12
0.12
0.12
0.12
0.12
0.12
0.12
0.11
0.11
0.11
0.11
0.11
0.1
0.1
0.1
0.1
0.1
0.1
0.09
0.09
0.09
0.09
0.09
0.09
0.08
0.08
0.08
0.08
0.08
0.08
0.07
0.07
0.07
0.07
0.07
0.07
0.07
0.07
0.06
0.06
0.06
0.06
0.06
0.06
0.05
0.05
0.05
0.05
0.05
0.05
0.05
0.05
0.04
0.04
0.04
0.04
0.04
0.04
0.04
0.04
0.03
0.03
0.03
0.03
0.03
0.03
0.03
0.03
0.03
0.03
0.03
0.03
0.03
0.03
0.02
0.02
0.02
0.02
0.02
0.02
0.01
0.01
10.95
9.72
8.09
7.58
5.24
4.88
4.16
4.12
4.03
3.56
3.54
2.85
2.79
2.45
2.43
2.4
2.32
2.29
2.28
2.25
2.09
1.99
1.94
1.86
1.69
1.68
1.68
1.53
1.52
1.51
1.51
1.48
1.45
1.35
1.35
1.32
1.3
1.27
1.24
1.22
1.22
1.22
1.22
1.21
1.19
1.17
1.16
1.16
1.15
1.1
1.09
1.07
1.06
1.04
1.04
1.02
1.01
1
1
0.92
0.89
0.87
0.86
0.85
0.83
0.8
0.79
0.78
0.75
0.75
0.73
0.71
0.71
0.7
0.69
0.68
0.68
0.63
0.63
0.62
0.61
0.6
0.6
0.59
0.59
0.58
0.58
0.57
0.55
0.53
0.51
0.51
0.5
0.49
0.49
0.47
0.47
0.44
0.44
0.43
0.43
0.42
0.42
0.42
0.42
0.41
0.41
0.4
0.4
0.4
0.4
0.39
0.38
0.37
0.37
0.36
0.36
0.36
0.36
0.36
0.36
0.36
0.34
0.34
0.33
0.32
0.32
0.32
0.32
0.32
0.32
0.32
0.31
0.31
0.31
0.31
0.31
0.3
0.3
0.3
0.3
0.29
0.29
0.28
0.28
0.28
0.27
0.27
0.27
0.27
0.26
0.26
0.26
0.25
0.25
0.25
0.25
0.25
0.25
0.24
0.24
0.24
0.23
0.23
0.23
0.23
0.23
0.22
0.22
0.21
0.21
0.21
0.21
0.21
0.2
0.2
0.19
0.19
0.19
0.19
0.19
0.19
0.18
0.18
0.18
0.17
0.17
0.17
0.16
0.16
0.15
0.15
0.15
0.15
0.15
0.15
0.15
0.15
0.15
0.14
0.14
0.14
0.14
0.14
0.14
0.14
0.14
0.14
0.14
0.14
0.13
0.13
0.13
0.13
0.13
0.13
0.13
0.12
0.12
0.12
0.12
0.12
0.11
0.11
0.11
0.11
0.11
0.11
0.11
0.11
0.11
0.1
0.1
0.1
0.1
0.1
0.1
0.1
0.1
0.09
0.09
0.09
0.09
0.09
0.08
0.08
0.08
0.08
0.08
0.07
0.07
0.07
0.07
0.07
0.07
0.07
0.07
0.07
0.07
0.07
0.06
0.06
0.06
0.06
0.06
0.06
0.05
0.05
0.05
0.05
0.05
0.04
0.04
0.04
0.04
0.04
0.03
0.03
0.03
0.03
0.03
0.02
0.02
0.02
0.02
0.02
0.02
0.01
0.01
14.64
7.6
7.16
7.13
6.03
5.82
5
3.7
3.65
3.42
3.36
3.34
3.12
2.87
2.79
2.7
2.67
2.48
2.42
2.41
2.38
2.35
2.31
2.22
2.17
2.1
2.08
2.06
2.03
1.93
1.88
1.87
1.83
1.76
1.75
1.74
1.73
1.71
1.69
1.62
1.61
1.6
1.53
1.52
1.52
1.5
1.5
1.46
1.46
1.46
1.38
1.37
1.37
1.33
1.32
1.26
1.26
1.26
1.25
1.23
1.22
1.19
1.17
1.15
1.14
1.14
1.13
1.1
1.1
1.09
1.09
1.08
1.06
1.06
1.06
1.05
1.04
1.03
1.01
0.99
0.98
0.91
0.9
0.87
0.86
0.83
0.83
0.81
0.81
0.79
0.78
0.76
0.73
0.72
0.72
0.71
0.7
0.7
0.69
0.68
0.68
0.67
0.67
0.66
0.66
0.66
0.66
0.65
0.64
0.63
0.62
0.62
0.61
0.6
0.6
0.59
0.59
0.58
0.58
0.58
0.58
0.58
0.55
0.55
0.54
0.54
0.53
0.52
0.48
0.48
0.47
0.47
0.47
0.45
0.45
0.45
0.45
0.43
0.42
0.42
0.42
0.42
0.41
0.41
0.41
0.39
0.39
0.39
0.38
0.38
0.38
0.38
0.37
0.37
0.36
0.35
0.35
0.34
0.34
0.34
0.34
0.33
0.33
0.33
0.33
0.32
0.32
0.31
0.31
0.31
0.31
0.31
0.31
0.31
0.3
0.29
0.29
0.29
0.28
0.28
0.28
0.28
0.27
0.27
0.27
0.27
0.27
0.26
0.26
0.26
0.25
0.25
0.25
0.25
0.25
0.25
0.25
0.25
0.25
0.24
0.24
0.24
0.24
0.23
0.23
0.23
0.23
0.23
0.22
0.22
0.22
0.21
0.21
0.2
0.2
0.2
0.19
0.19
0.19
0.18
0.18
0.17
0.17
0.17
0.17
0.17
0.16
0.16
0.16
0.16
0.16
0.16
0.15
0.15
0.15
0.15
0.15
0.14
0.14
0.14
0.14
0.14
0.14
0.14
0.14
0.14
0.13
0.13
0.13
0.13
0.13
0.13
0.12
0.12
0.12
0.12
0.12
0.12
0.12
0.12
0.12
0.12
0.11
0.11
0.11
0.11
0.11
0.1
0.1
0.1
0.1
0.1
0.1
0.1
0.1
0.1
0.09
0.09
0.09
0.09
0.09
0.09
0.09
0.09
0.09
0.09
0.09
0.09
0.09
0.08
0.08
0.08
0.08
0.08
0.08
0.08
0.08
0.08
0.08
0.08
0.08
0.08
0.08
0.08
0.08
0.08
0.08
0.07
0.07
0.07
0.07
0.07
0.07
0.07
0.07
0.07
0.07
0.07
0.07
0.07
0.06
0.06
0.06
0.06
0.06
0.06
0.06
0.06
0.06
0.06
0.06
0.06
0.06
0.06
0.06
0.06
0.05
0.05
0.05
0.05
0.05
0.05
0.05
0.05
0.05
0.05
0.04
0.04
0.04
0.04
0.04
0.04
0.04
0.04
0.04
0.04
0.03
0.03
0.03
0.03
0.03
0.03
0.03
0.03
0.03
0.03
0.03
0.03
0.03
0.03
0.03
0.02
0.02
0.02
0.02
0.02
0.02
0.02
0.02
23.1
9.49
7.86
6.27
5.55
5.45
5.31
5.27
5.07
5.02
5.01
4.79
3.72
3.63
3.52
3.21
3.12
2.88
2.5
2.31
1.94
1.88
1.88
1.86
1.86
1.8
1.74
1.69
1.64
1.63
1.6
1.59
1.55
1.48
1.47
1.45
1.43
1.43
1.41
1.35
1.31
1.3
1.28
1.28
1.22
1.21
1.2
1.19
1.18
1.18
1.16
1.13
1.11
1.1
1.07
1.07
1.07
1.06
0.96
0.96
0.95
0.94
0.94
0.93
0.93
0.92
0.9
0.85
0.84
0.83
0.81
0.81
0.81
0.8
0.79
0.78
0.77
0.77
0.74
0.73
0.72
0.71
0.71
0.67
0.66
0.65
0.64
0.64
0.64
0.63
0.62
0.62
0.61
0.61
0.59
0.59
0.58
0.58
0.56
0.56
0.55
0.55
0.55
0.54
0.54
0.54
0.53
0.53
0.52
0.52
0.52
0.52
0.52
0.51
0.51
0.49
0.48
0.48
0.48
0.48
0.48
0.47
0.47
0.46
0.46
0.46
0.45
0.45
0.44
0.44
0.42
0.42
0.42
0.41
0.41
0.41
0.41
0.41
0.4
0.4
0.4
0.4
0.4
0.4
0.4
0.39
0.39
0.39
0.38
0.38
0.37
0.37
0.36
0.36
0.35
0.34
0.34
0.33
0.33
0.32
0.32
0.32
0.32
0.31
0.31
0.31
0.31
0.31
0.31
0.3
0.3
0.3
0.29
0.29
0.29
0.29
0.29
0.29
0.29
0.29
0.28
0.28
0.27
0.27
0.27
0.27
0.26
0.26
0.26
0.26
0.26
0.26
0.26
0.25
0.25
0.25
0.25
0.25
0.25
0.25
0.24
0.24
0.24
0.24
0.23
0.23
0.22
0.22
0.22
0.22
0.21
0.21
0.21
0.21
0.21
0.21
0.2
0.2
0.2
0.19
0.19
0.19
0.19
0.18
0.18
0.18
0.18
0.18
0.17
0.17
0.17
0.17
0.17
0.17
0.17
0.16
0.16
0.16
0.16
0.16
0.15
0.15
0.15
0.15
0.15
0.14
0.14
0.14
0.14
0.14
0.13
0.13
0.13
0.12
0.12
0.12
0.12
0.12
0.11
0.11
0.11
0.11
0.11
0.11
0.11
0.11
0.11
0.11
0.11
0.11
0.11
0.11
0.11
0.11
0.1
0.1
0.1
0.1
0.1
0.1
0.1
0.1
0.09
0.09
0.09
0.08
0.08
0.08
0.08
0.07
0.07
0.06
0.06
0.06
0.06
0.06
0.06
0.05
0.05
0.05
0.05
0.05
0.05
0.05
0.05
0.05
0.05
0.05
0.05
0.05
0.04
0.04
0.04
0.04
0.04
0.04
0.04
0.04
0.04
0.04
0.04
0.04
0.03
0.03
0.03
0.02
0.02
0.02
0.02
0.02
0.02
0.02
0.01
0.01
0.01
0.01
0.01
0.01
6.39
5.3
4.73
4.68
4.47
4.05
3.71
3.58
3.52
3.39
3.36
3.2
3.13
2.99
2.73
2.63
2.52
2.32
2.2
2.19
2.18
2.15
2.11
1.91
1.81
1.77
1.67
1.66
1.58
1.56
1.55
1.54
1.5
1.5
1.5
1.49
1.38
1.34
1.33
1.33
1.25
1.24
1.23
1.21
1.18
1.14
1.14
1.09
1.05
1.04
1
1
1
1
0.99
0.99
0.97
0.96
0.95
0.92
0.91
0.89
0.87
0.85
0.83
0.83
0.83
0.81
0.81
0.81
0.81
0.8
0.8
0.79
0.77
0.75
0.71
0.71
0.7
0.7
0.7
0.66
0.65
0.64
0.63
0.63
0.62
0.6
0.59
0.58
0.58
0.58
0.58
0.57
0.57
0.56
0.56
0.55
0.54
0.53
0.53
0.53
0.52
0.52
0.51
0.51
0.5
0.48
0.47
0.47
0.47
0.46
0.45
0.45
0.44
0.44
0.43
0.42
0.42
0.42
0.41
0.41
0.41
0.41
0.4
0.39
0.39
0.39
0.38
0.38
0.38
0.37
0.37
0.36
0.36
0.36
0.35
0.35
0.35
0.35
0.35
0.34
0.33
0.32
0.32
0.32
0.32
0.31
0.31
0.31
0.3
0.3
0.3
0.3
0.29
0.29
0.29
0.29
0.29
0.28
0.28
0.28
0.27
0.27
0.27
0.27
0.27
0.27
0.27
0.26
0.26
0.26
0.25
0.25
0.25
0.25
0.25
0.24
0.24
0.24
0.24
0.24
0.24
0.23
0.23
0.22
0.22
0.22
0.22
0.21
0.21
0.21
0.21
0.21
0.21
0.21
0.21
0.2
0.2
0.2
0.2
0.2
0.2
0.2
0.2
0.2
0.2
0.19
0.19
0.18
0.18
0.18
0.18
0.18
0.18
0.18
0.18
0.17
0.17
0.17
0.17
0.17
0.17
0.17
0.17
0.16
0.16
0.16
0.16
0.16
0.16
0.16
0.16
0.16
0.16
0.15
0.15
0.15
0.15
0.15
0.15
0.14
0.14
0.14
0.14
0.14
0.14
0.13
0.13
0.13
0.13
0.13
0.13
0.12
0.12
0.12
0.12
0.12
0.12
0.11
0.11
0.11
0.11
0.11
0.11
0.11
0.11
0.11
0.11
0.11
0.11
0.1
0.1
0.1
0.1
0.1
0.09
0.09
0.09
0.09
0.09
0.09
0.09
0.09
0.09
0.09
0.09
0.09
0.08
0.08
0.08
0.08
0.08
0.08
0.08
0.08
0.08
0.08
0.07
0.07
0.07
0.07
0.07
0.07
0.07
0.07
0.07
0.07
0.07
0.06
0.06
0.06
0.06
0.06
0.06
0.06
0.06
0.06
0.06
0.06
0.06
0.06
0.06
0.06
0.05
0.05
0.05
0.05
0.05
0.05
0.05
0.05
0.04
0.04
0.04
0.04
0.04
0.04
0.03
0.03
0.03
0.02
0.02
0.02
0.02
0.02
0.02
0.01
0.01
0.01
14.98
13.1
8.05
7.07
6.43
6.05
5.49
5.47
5.46
5.42
4.41
4.24
3.73
3.64
3.61
3.6
3.53
3.31
3.17
3.15
3.08
2.99
2.94
2.89
2.79
2.79
2.7
2.56
2.52
2.41
2.38
2.34
2.26
2.24
2.23
2.16
2.12
2.07
1.94
1.92
1.92
1.9
1.87
1.86
1.86
1.84
1.82
1.82
1.78
1.77
1.76
1.76
1.75
1.73
1.73
1.71
1.69
1.67
1.67
1.67
1.63
1.57
1.56
1.55
1.51
1.46
1.41
1.39
1.38
1.28
1.24
1.23
1.22
1.21
1.21
1.2
1.18
1.16
1.15
1.14
1.12
1.1
1.06
1.05
1.04
0.92
0.89
0.89
0.89
0.87
0.86
0.84
0.82
0.82
0.79
0.77
0.77
0.76
0.76
0.75
0.75
0.74
0.74
0.74
0.74
0.73
0.73
0.72
0.72
0.7
0.7
0.7
0.7
0.66
0.63
0.63
0.62
0.61
0.61
0.6
0.6
0.6
0.6
0.59
0.57
0.56
0.56
0.56
0.56
0.56
0.56
0.56
0.55
0.55
0.55
0.55
0.55
0.54
0.54
0.53
0.53
0.52
0.52
0.52
0.51
0.5
0.5
0.5
0.5
0.49
0.49
0.49
0.48
0.47
0.46
0.46
0.46
0.46
0.45
0.45
0.44
0.43
0.43
0.43
0.43
0.43
0.42
0.42
0.42
0.42
0.42
0.42
0.41
0.41
0.41
0.41
0.41
0.4
0.4
0.4
0.4
0.39
0.39
0.38
0.36
0.36
0.36
0.36
0.36
0.36
0.36
0.36
0.35
0.35
0.34
0.34
0.33
0.33
0.33
0.33
0.33
0.32
0.32
0.32
0.32
0.32
0.32
0.31
0.31
0.31
0.31
0.31
0.3
0.29
0.29
0.28
0.28
0.28
0.28
0.28
0.28
0.28
0.28
0.27
0.27
0.27
0.27
0.27
0.27
0.27
0.27
0.27
0.26
0.26
0.26
0.26
0.25
0.25
0.25
0.25
0.25
0.25
0.25
0.24
0.24
0.24
0.24
0.23
0.23
0.23
0.22
0.22
0.22
0.22
0.22
0.22
0.21
0.21
0.21
0.21
0.21
0.21
0.21
0.2
0.2
0.2
0.2
0.2
0.2
0.19
0.19
0.19
0.19
0.19
0.19
0.18
0.18
0.18
0.18
0.18
0.18
0.18
0.18
0.18
0.18
0.17
0.17
0.17
0.17
0.17
0.17
0.17
0.17
0.16
0.16
0.16
0.16
0.16
0.16
0.16
0.16
0.15
0.15
0.15
0.15
0.15
0.15
0.15
0.15
0.15
0.15
0.15
0.15
0.15
0.15
0.14
0.14
0.14
0.14
0.14
0.14
0.14
0.14
0.14
0.14
0.14
0.14
0.14
0.14
0.14
0.14
0.14
0.13
0.13
0.13
0.13
0.13
0.13
0.13
0.13
0.13
0.13
0.13
0.13
0.12
0.12
0.12
0.12
0.12
0.12
0.12
0.12
0.12
0.12
0.12
0.11
0.11
0.11
0.11
0.1
0.1
0.1
0.1
0.1
0.1
0.1
0.1
0.1
0.1
0.1
0.09
0.09
0.09
0.09
0.09
0.09
0.09
0.09
0.09
0.09
0.09
0.09
0.08
0.08
0.08
0.08
0.08
0.08
0.08
0.08
0.07
0.07
0.07
0.07
0.07
0.07
0.07
0.07
0.07
0.07
0.06
0.06
0.06
0.06
0.06
0.06
0.06
0.06
0.06
0.06
0.06
0.06
0.06
0.06
0.06
0.05
0.05
0.05
0.05
0.05
0.05
0.05
0.05
0.05
0.05
0.05
0.05
0.05
0.05
0.05
0.05
0.05
0.05
0.05
0.05
0.05
0.05
0.04
0.04
0.04
0.04
0.04
0.04
0.04
0.04
0.04
0.04
0.04
0.04
0.03
0.03
0.03
0.03
0.03
0.03
0.03
0.03
0.03
0.03
0.03
0.03
0.03
0.03
0.03
0.03
0.02
0.02
0.02
0.02
0.02
0.02
0.02
0.02
0.02
0.02
0.02
0.02
0.01
0.01
0.01
0.01
0.01
16.15
15.85
6.83
6.4
6.31
4.67
4.6
4.48
4.14
3.76
3.67
3.65
3.54
3.44
3.4
3.33
3.33
3.09
3.07
3.02
3.02
2.99
2.96
2.91
2.86
2.83
2.82
2.7
2.61
2.49
2.47
2.27
2.25
2.18
2.11
2.1
2.1
2.08
2.07
2.05
1.99
1.98
1.97
1.94
1.87
1.81
1.8
1.76
1.76
1.74
1.73
1.69
1.68
1.66
1.64
1.58
1.57
1.55
1.52
1.52
1.51
1.5
1.49
1.44
1.42
1.42
1.4
1.4
1.36
1.34
1.33
1.32
1.31
1.31
1.3
1.29
1.29
1.27
1.25
1.23
1.22
1.22
1.21
1.2
1.19
1.19
1.17
1.16
1.13
1.09
1.08
1.08
1.08
1.06
1.06
1.05
1
0.96
0.96
0.96
0.93
0.93
0.91
0.91
0.9
0.9
0.87
0.87
0.86
0.85
0.84
0.82
0.82
0.82
0.8
0.8
0.78
0.78
0.77
0.77
0.77
0.76
0.76
0.74
0.74
0.72
0.72
0.72
0.71
0.71
0.71
0.71
0.71
0.71
0.7
0.69
0.68
0.67
0.66
0.66
0.65
0.65
0.64
0.64
0.63
0.63
0.63
0.62
0.61
0.61
0.61
0.61
0.6
0.59
0.59
0.59
0.58
0.58
0.57
0.57
0.57
0.57
0.57
0.56
0.56
0.56
0.55
0.55
0.55
0.55
0.55
0.54
0.53
0.53
0.52
0.52
0.52
0.52
0.52
0.51
0.51
0.51
0.51
0.5
0.5
0.5
0.5
0.49
0.49
0.48
0.47
0.47
0.47
0.46
0.46
0.46
0.46
0.46
0.46
0.46
0.45
0.45
0.45
0.44
0.44
0.44
0.44
0.44
0.44
0.44
0.43
0.43
0.43
0.42
0.42
0.42
0.42
0.41
0.41
0.41
0.41
0.41
0.4
0.4
0.39
0.39
0.39
0.39
0.39
0.38
0.38
0.38
0.38
0.38
0.38
0.37
0.37
0.37
0.37
0.36
0.36
0.36
0.36
0.35
0.35
0.35
0.35
0.34
0.34
0.34
0.33
0.33
0.33
0.33
0.32
0.32
0.32
0.32
0.32
0.32
0.32
0.31
0.31
0.31
0.31
0.31
0.31
0.31
0.3
0.3
0.3
0.3
0.3
0.29
0.29
0.29
0.29
0.29
0.29
0.29
0.29
0.28
0.28
0.28
0.28
0.28
0.28
0.28
0.28
0.28
0.28
0.27
0.27
0.27
0.27
0.27
0.27
0.27
0.27
0.27
0.26
0.26
0.26
0.26
0.26
0.26
0.26
0.26
0.26
0.26
0.26
0.26
0.26
0.26
0.26
0.26
0.26
0.26
0.25
0.25
0.25
0.25
0.25
0.25
0.25
0.25
0.25
0.25
0.24
0.24
0.24
0.24
0.23
0.23
0.23
0.23
0.23
0.23
0.23
0.23
0.23
0.23
0.22
0.22
0.22
0.22
0.22
0.22
0.22
0.22
0.22
0.22
0.22
0.22
0.21
0.21
0.21
0.21
0.21
0.21
0.21
0.21
0.21
0.21
0.21
0.21
0.21
0.21
0.2
0.2
0.2
0.2
0.2
0.2
0.2
0.2
0.2
0.2
0.2
0.2
0.2
0.2
0.2
0.19
0.19
0.19
0.19
0.19
0.19
0.19
0.19
0.19
0.19
0.19
0.19
0.19
0.19
0.19
0.19
0.19
0.18
0.18
0.18
0.18
0.18
0.18
0.18
0.18
0.18
0.18
0.17
0.17
0.17
0.17
0.17
0.17
0.17
0.17
0.17
0.17
0.17
0.17
0.16
0.16
0.16
0.16
0.16
0.16
0.16
0.16
0.16
0.16
0.16
0.16
0.15
0.15
0.15
0.15
0.15
0.15
0.15
0.15
0.15
0.15
0.14
0.14
0.14
0.14
0.14
0.14
0.14
0.14
0.14
0.14
0.14
0.14
0.14
0.14
0.14
0.14
0.14
0.14
0.14
0.14
0.14
0.14
0.14
0.14
0.14
0.14
0.14
0.13
0.13
0.13
0.13
0.13
0.13
0.13
0.13
0.13
0.13
0.13
0.13
0.13
0.13
0.13
0.13
0.13
0.13
0.13
0.13
0.13
0.13
0.13
0.13
0.12
0.12
0.12
0.12
0.12
0.12
0.12
0.12
0.12
0.12
0.12
0.12
0.12
0.12
0.12
0.11
0.11
0.11
0.11
0.11
0.11
0.11
0.11
0.11
0.11
0.11
0.11
0.11
0.11
0.11
0.11
0.11
0.11
0.11
0.11
0.11
0.11
0.11
0.11
0.11
0.11
0.11
0.11
0.11
0.11
0.1
0.1
0.1
0.1
0.1
0.1
0.1
0.1
0.1
0.1
0.1
0.1
0.1
0.1
0.1
0.1
0.1
0.1
0.1
0.09
0.09
0.09
0.09
0.09
0.09
0.09
0.09
0.09
0.09
0.09
0.09
0.09
0.09
0.09
0.09
0.09
0.09
0.09
0.09
0.09
0.09
0.09
0.09
0.09
0.09
0.09
0.08
0.08
0.08
0.08
0.08
0.08
0.08
0.08
0.08
0.08
0.08
0.08
0.08
0.08
0.08
0.08
0.08
0.08
0.08
0.08
0.08
0.08
0.08
0.08
0.08
0.08
0.07
0.07
0.07
0.07
0.07
0.07
0.07
0.07
0.07
0.07
0.07
0.07
0.07
0.07
0.07
0.07
0.07
0.07
0.07
0.07
0.07
0.07
0.07
0.07
0.07
0.06
0.06
0.06
0.06
0.06
0.06
0.06
0.06
0.06
0.06
0.06
0.06
0.06
0.06
0.06
0.06
0.06
0.06
0.06
0.06
0.06
0.06
0.06
0.06
0.06
0.06
0.06
0.06
0.06
0.06
0.05
0.05
0.05
0.05
0.05
0.05
0.05
0.05
0.05
0.05
0.05
0.05
0.05
0.05
0.05
0.05
0.05
0.05
0.05
0.05
0.05
0.05
0.05
0.05
0.05
0.05
0.05
0.05
0.05
0.05
0.05
0.05
0.05
0.05
0.05
0.05
0.05
0.05
0.05
0.04
0.04
0.04
0.04
0.04
0.04
0.04
0.04
0.04
0.04
0.04
0.04
0.04
0.04
0.04
0.04
0.04
0.04
0.04
0.04
0.04
0.04
0.04
0.04
0.04
0.04
0.03
0.03
0.03
0.03
0.03
0.03
0.03
0.03
0.03
0.03
0.03
0.03
0.03
0.03
0.03
0.03
0.03
0.03
0.03
0.03
0.03
0.03
0.03
0.03
0.03
0.03
0.03
0.03
0.02
0.02
0.02
0.02
0.02
0.02
0.02
0.02
0.02
0.02
0.02
0.02
0.02
0.02
0.02
0.02
0.02
0.02
0.02
0.02
0.02
0.02
0.02
0.02
0.02
0.02
0.02
0.02
0.02
0.02
0.02
0.02
0.02
0.02
0.02
0.02
0.02
0.02
0.02
0.02
0.02
0.02
0.02
0.02
0.02
0.02
0.01
0.01
0.01
0.01
0.01
0.01
0.01
0.01
0.01
0.01
0.01
0.01
0.01
0.01
0.01
0.01
0.01
0.01
0.01
0.01
0.01
0.01
0.01
7.2
6.95
5.29
5.2
5.13
4.7
4.2
3.9
3.28
3.27
3.18
2.96
2.94
2.9
2.82
2.8
2.78
2.78
2.77
2.65
2.54
2.49
2.43
2.41
2.22
2.19
2.17
2.13
2.11
2.09
2.08
2.06
2.04
2.03
1.97
1.95
1.95
1.94
1.92
1.81
1.78
1.72
1.72
1.71
1.68
1.67
1.67
1.67
1.67
1.63
1.62
1.6
1.56
1.55
1.54
1.53
1.5
1.49
1.47
1.46
1.45
1.41
1.38
1.36
1.35
1.34
1.33
1.32
1.29
1.28
1.27
1.27
1.26
1.25
1.23
1.23
1.23
1.21
1.2
1.19
1.17
1.17
1.15
1.15
1.14
1.14
1.11
1.1
1.09
1.09
1.08
1.08
1.06
1.04
1.04
1.03
1.01
1
1
0.99
0.97
0.97
0.95
0.95
0.94
0.94
0.94
0.94
0.93
0.92
0.92
0.91
0.9
0.9
0.89
0.87
0.87
0.86
0.84
0.83
0.8
0.79
0.79
0.77
0.76
0.76
0.74
0.73
0.72
0.71
0.71
0.71
0.7
0.7
0.69
0.69
0.68
0.68
0.67
0.67
0.66
0.66
0.66
0.66
0.65
0.65
0.65
0.64
0.64
0.63
0.62
0.62
0.62
0.61
0.61
0.6
0.6
0.6
0.59
0.59
0.59
0.58
0.58
0.57
0.57
0.56
0.56
0.56
0.56
0.56
0.56
0.56
0.56
0.56
0.55
0.55
0.54
0.54
0.54
0.54
0.54
0.54
0.53
0.53
0.53
0.52
0.52
0.51
0.51
0.51
0.5
0.5
0.5
0.49
0.49
0.49
0.49
0.49
0.48
0.48
0.47
0.46
0.46
0.46
0.46
0.45
0.45
0.45
0.45
0.44
0.44
0.44
0.44
0.44
0.44
0.43
0.43
0.43
0.43
0.43
0.43
0.43
0.42
0.42
0.42
0.42
0.42
0.42
0.42
0.41
0.41
0.41
0.41
0.4
0.4
0.4
0.4
0.39
0.39
0.39
0.39
0.39
0.38
0.38
0.38
0.38
0.38
0.37
0.37
0.37
0.36
0.36
0.36
0.36
0.35
0.35
0.35
0.35
0.35
0.35
0.35
0.35
0.35
0.35
0.34
0.34
0.33
0.33
0.33
0.33
0.33
0.33
0.33
0.33
0.33
0.32
0.32
0.32
0.32
0.32
0.32
0.32
0.31
0.31
0.31
0.31
0.3
0.3
0.3
0.3
0.3
0.3
0.3
0.3
0.3
0.29
0.29
0.29
0.29
0.29
0.29
0.29
0.29
0.28
0.28
0.28
0.28
0.28
0.28
0.28
0.28
0.28
0.28
0.28
0.28
0.28
0.28
0.27
0.27
0.27
0.27
0.27
0.27
0.27
0.26
0.26
0.26
0.26
0.26
0.26
0.25
0.25
0.25
0.25
0.25
0.25
0.25
0.24
0.24
0.24
0.24
0.24
0.24
0.24
0.24
0.24
0.24
0.24
0.24
0.23
0.23
0.23
0.23
0.23
0.23
0.23
0.23
0.23
0.23
0.23
0.23
0.23
0.23
0.22
0.22
0.22
0.22
0.22
0.22
0.21
0.21
0.21
0.21
0.21
0.21
0.21
0.21
0.2
0.2
0.2
0.2
0.2
0.2
0.2
0.2
0.2
0.2
0.2
0.2
0.2
0.2
0.19
0.19
0.19
0.19
0.19
0.19
0.19
0.19
0.19
0.19
0.19
0.19
0.18
0.18
0.18
0.18
0.18
0.18
0.18
0.18
0.18
0.18
0.18
0.17
0.17
0.17
0.17
0.17
0.17
0.17
0.17
0.17
0.17
0.17
0.17
0.17
0.17
0.17
0.17
0.17
0.16
0.16
0.16
0.16
0.16
0.16
0.16
0.16
0.16
0.16
0.16
0.16
0.16
0.16
0.15
0.15
0.15
0.15
0.15
0.15
0.15
0.15
0.15
0.15
0.15
0.15
0.15
0.15
0.14
0.14
0.14
0.14
0.14
0.14
0.14
0.14
0.14
0.14
0.14
0.14
0.14
0.13
0.13
0.13
0.13
0.13
0.13
0.13
0.13
0.13
0.13
0.13
0.13
0.13
0.13
0.13
0.13
0.12
0.12
0.12
0.12
0.12
0.12
0.12
0.12
0.12
0.12
0.12
0.12
0.12
0.12
0.12
0.12
0.11
0.11
0.11
0.11
0.11
0.11
0.11
0.11
0.11
0.11
0.11
0.11
0.11
0.11
0.11
0.11
0.11
0.1
0.1
0.1
0.1
0.1
0.1
0.1
0.1
0.1
0.1
0.1
0.1
0.1
0.1
0.1
0.1
0.1
0.1
0.09
0.09
0.09
0.09
0.09
0.09
0.09
0.09
0.09
0.09
0.09
0.09
0.09
0.09
0.09
0.09
0.09
0.08
0.08
0.08
0.08
0.08
0.08
0.08
0.08
0.08
0.08
0.08
0.08
0.08
0.08
0.08
0.08
0.08
0.08
0.08
0.08
0.08
0.08
0.08
0.08
0.08
0.07
0.07
0.07
0.07
0.07
0.07
0.07
0.07
0.07
0.07
0.07
0.07
0.07
0.07
0.07
0.07
0.07
0.07
0.07
0.07
0.07
0.07
0.07
0.07
0.07
0.07
0.06
0.06
0.06
0.06
0.06
0.06
0.06
0.06
0.06
0.06
0.06
0.06
0.06
0.06
0.06
0.06
0.06
0.06
0.06
0.05
0.05
0.05
0.05
0.05
0.05
0.05
0.05
0.05
0.05
0.05
0.05
0.05
0.05
0.05
0.05
0.05
0.05
0.05
0.05
0.05
0.05
0.05
0.05
0.05
0.05
0.05
0.05
0.05
0.05
0.05
0.05
0.05
0.05
0.05
0.04
0.04
0.04
0.04
0.04
0.04
0.04
0.04
0.04
0.04
0.04
0.04
0.04
0.04
0.04
0.04
0.04
0.04
0.04
0.04
0.04
0.04
0.04
0.04
0.04
0.04
0.03
0.03
0.03
0.03
0.03
0.03
0.03
0.03
0.03
0.03
0.03
0.03
0.03
0.03
0.03
0.03
0.03
0.03
0.03
0.03
0.03
0.03
0.03
0.03
0.03
0.03
0.03
0.03
0.03
0.03
0.03
0.03
0.03
0.03
0.03
0.03
0.03
0.03
0.02
0.02
0.02
0.02
0.02
0.02
0.02
0.02
0.02
0.02
0.02
0.02
0.02
0.02
0.02
0.02
0.02
0.02
0.02
0.02
0.02
0.02
0.02
0.02
0.02
0.02
0.02
0.02
0.02
0.02
0.02
0.02
0.01
0.01
0.01
0.01
0.01
0.01
0.01
0.01
0.01
0.01
0.01
0.01
0.01
0.01
0.01
0.01
0.01
0.01
20.81
11.66
10.49
10.3
8.49
6.9
6.41
6.29
5.21
4.53
4.23
3.85
3.7
3.61
3.41
2.9
2.89
2.68
2.66
2.62
2.59
2.57
2.37
2.37
2.37
2.31
2.3
2.28
2.25
2.13
2.06
1.96
1.94
1.93
1.92
1.88
1.86
1.86
1.85
1.85
1.81
1.78
1.76
1.76
1.76
1.75
1.75
1.72
1.71
1.66
1.65
1.65
1.64
1.64
1.63
1.62
1.61
1.59
1.48
1.48
1.46
1.45
1.45
1.44
1.43
1.42
1.42
1.41
1.4
1.4
1.37
1.36
1.35
1.35
1.34
1.34
1.33
1.33
1.33
1.31
1.29
1.28
1.27
1.25
1.23
1.23
1.23
1.22
1.21
1.2
1.2
1.19
1.17
1.16
1.15
1.14
1.13
1.12
1.11
1.08
1.06
1.02
1.02
1
0.97
0.95
0.95
0.94
0.94
0.93
0.91
0.9
0.9
0.9
0.89
0.89
0.88
0.87
0.85
0.84
0.84
0.84
0.84
0.83
0.81
0.81
0.8
0.8
0.77
0.76
0.76
0.76
0.76
0.75
0.75
0.73
0.73
0.73
0.71
0.71
0.7
0.7
0.7
0.69
0.68
0.68
0.68
0.68
0.68
0.67
0.66
0.66
0.66
0.66
0.66
0.65
0.64
0.64
0.64
0.64
0.64
0.64
0.64
0.64
0.63
0.62
0.62
0.62
0.62
0.61
0.61
0.61
0.6
0.59
0.59
0.59
0.59
0.59
0.58
0.58
0.58
0.57
0.57
0.57
0.56
0.56
0.56
0.56
0.55
0.55
0.55
0.54
0.54
0.54
0.54
0.54
0.53
0.53
0.53
0.53
0.53
0.53
0.53
0.53
0.52
0.51
0.51
0.51
0.51
0.51
0.5
0.5
0.5
0.5
0.5
0.5
0.49
0.49
0.49
0.49
0.48
0.48
0.47
0.47
0.46
0.46
0.45
0.45
0.45
0.45
0.45
0.45
0.45
0.45
0.45
0.44
0.44
0.44
0.44
0.44
0.44
0.44
0.43
0.43
0.43
0.43
0.43
0.42
0.42
0.42
0.42
0.42
0.42
0.42
0.42
0.42
0.42
0.42
0.42
0.42
0.4
0.4
0.4
0.4
0.4
0.4
0.39
0.39
0.39
0.38
0.38
0.38
0.38
0.38
0.37
0.37
0.36
0.36
0.36
0.36
0.35
0.35
0.35
0.34
0.34
0.34
0.34
0.34
0.34
0.33
0.33
0.33
0.33
0.32
0.32
0.32
0.32
0.32
0.31
0.31
0.3
0.3
0.3
0.3
0.29
0.29
0.29
0.29
0.29
0.29
0.29
0.28
0.28
0.28
0.28
0.28
0.28
0.27
0.27
0.27
0.27
0.27
0.27
0.27
0.27
0.27
0.27
0.26
0.26
0.26
0.26
0.26
0.26
0.26
0.26
0.26
0.26
0.26
0.26
0.25
0.25
0.25
0.25
0.25
0.25
0.25
0.24
0.24
0.24
0.24
0.24
0.24
0.24
0.23
0.23
0.23
0.23
0.23
0.23
0.22
0.22
0.22
0.22
0.22
0.22
0.22
0.22
0.22
0.22
0.22
0.22
0.22
0.22
0.22
0.21
0.21
0.21
0.21
0.21
0.21
0.21
0.21
0.21
0.21
0.21
0.2
0.2
0.2
0.2
0.2
0.2
0.2
0.2
0.2
0.2
0.2
0.2
0.2
0.2
0.19
0.19
0.19
0.19
0.19
0.19
0.19
0.19
0.19
0.19
0.18
0.18
0.18
0.18
0.18
0.18
0.18
0.18
0.18
0.18
0.18
0.17
0.17
0.17
0.17
0.17
0.17
0.17
0.17
0.17
0.17
0.17
0.17
0.17
0.17
0.17
0.17
0.17
0.16
0.16
0.16
0.16
0.16
0.16
0.16
0.15
0.15
0.15
0.15
0.15
0.15
0.15
0.15
0.15
0.15
0.15
0.15
0.15
0.15
0.15
0.15
0.15
0.14
0.14
0.14
0.14
0.14
0.14
0.14
0.14
0.14
0.14
0.14
0.14
0.14
0.14
0.14
0.14
0.14
0.13
0.13
0.13
0.13
0.13
0.13
0.13
0.13
0.13
0.13
0.13
0.13
0.13
0.13
0.13
0.12
0.12
0.12
0.12
0.12
0.12
0.12
0.12
0.12
0.11
0.11
0.11
0.11
0.11
0.11
0.11
0.11
0.11
0.11
0.11
0.11
0.11
0.11
0.11
0.11
0.11
0.11
0.1
0.1
0.1
0.1
0.1
0.1
0.1
0.1
0.1
0.1
0.1
0.1
0.1
0.1
0.1
0.1
0.1
0.1
0.1
0.1
0.1
0.1
0.09
0.09
0.09
0.09
0.09
0.09
0.09
0.09
0.09
0.09
0.09
0.09
0.09
0.09
0.09
0.09
0.09
0.08
0.08
0.08
0.08
0.08
0.08
0.08
0.08
0.08
0.08
0.08
0.08
0.08
0.08
0.08
0.08
0.08
0.08
0.08
0.08
0.08
0.08
0.08
0.08
0.08
0.08
0.08
0.08
0.07
0.07
0.07
0.07
0.07
0.07
0.07
0.07
0.07
0.07
0.07
0.07
0.07
0.07
0.07
0.07
0.07
0.07
0.07
0.07
0.07
0.07
0.07
0.07
0.06
0.06
0.06
0.06
0.06
0.06
0.06
0.06
0.06
0.06
0.06
0.06
0.06
0.06
0.06
0.06
0.06
0.06
0.06
0.06
0.06
0.06
0.06
0.06
0.06
0.06
0.06
0.06
0.06
0.05
0.05
0.05
0.05
0.05
0.05
0.05
0.05
0.05
0.05
0.05
0.05
0.05
0.05
0.05
0.05
0.05
0.05
0.05
0.05
0.05
0.05
0.05
0.05
0.05
0.05
0.05
0.05
0.04
0.04
0.04
0.04
0.04
0.04
0.04
0.04
0.04
0.04
0.04
0.04
0.04
0.04
0.04
0.04
0.04
0.04
0.04
0.04
0.04
0.04
0.04
0.04
0.04
0.04
0.04
0.03
0.03
0.03
0.03
0.03
0.03
0.03
0.03
0.03
0.03
0.03
0.03
0.03
0.03
0.03
0.03
0.03
0.03
0.03
0.03
0.03
0.02
0.02
0.02
0.02
0.02
0.02
0.02
0.02
0.02
0.02
0.02
0.02
0.02
0.02
0.02
0.02
0.02
0.02
0.02
0.02
0.02
0.02
0.02
0.02
0.02
0.02
0.02
0.02
0.02
0.02
0.02
0.02
0.02
0.02
0.02
0.01
0.01
0.01
0.01
0.01
0.01
0.01
0.01
0.01
0.01
0.01
24.67
23.21
20.15
15.29
12.13
7.69
6.62
4.91
4.45
4.37
4.33
4.21
4.06
3.98
3.87
3.65
3.62
3.59
3.53
3.32
3.12
2.94
2.67
2.38
2.09
2.07
2.06
2.04
2.03
2.02
1.95
1.88
1.86
1.84
1.83
1.77
1.69
1.69
1.67
1.66
1.64
1.62
1.61
1.61
1.6
1.57
1.54
1.48
1.46
1.45
1.42
1.41
1.39
1.37
1.34
1.34
1.32
1.31
1.3
1.29
1.29
1.27
1.26
1.25
1.25
1.24
1.24
1.21
1.2
1.17
1.16
1.14
1.14
1.14
1.14
1.13
1.12
1.12
1.11
1.09
1.08
1.08
1.07
1.07
1.06
1.05
1.04
1.03
1.03
1.03
0.99
0.98
0.98
0.97
0.97
0.95
0.94
0.94
0.93
0.93
0.92
0.9
0.89
0.89
0.89
0.88
0.87
0.84
0.84
0.83
0.82
0.81
0.81
0.8
0.77
0.77
0.77
0.77
0.76
0.76
0.76
0.75
0.75
0.75
0.74
0.72
0.72
0.72
0.72
0.71
0.71
0.7
0.7
0.7
0.7
0.69
0.69
0.68
0.68
0.68
0.67
0.67
0.66
0.66
0.65
0.65
0.65
0.65
0.65
0.64
0.64
0.63
0.63
0.62
0.61
0.61
0.61
0.61
0.6
0.6
0.6
0.59
0.59
0.58
0.58
0.58
0.57
0.57
0.57
0.57
0.57
0.56
0.56
0.56
0.56
0.56
0.55
0.55
0.55
0.54
0.54
0.54
0.53
0.53
0.53
0.53
0.53
0.53
0.53
0.52
0.52
0.52
0.52
0.52
0.52
0.51
0.51
0.5
0.5
0.49
0.49
0.49
0.49
0.48
0.48
0.47
0.47
0.47
0.47
0.47
0.47
0.46
0.46
0.46
0.46
0.46
0.46
0.45
0.45
0.45
0.45
0.45
0.44
0.44
0.44
0.44
0.44
0.44
0.44
0.44
0.44
0.44
0.44
0.43
0.43
0.43
0.43
0.42
0.42
0.42
0.42
0.42
0.42
0.42
0.41
0.41
0.41
0.41
0.41
0.4
0.4
0.4
0.4
0.4
0.4
0.4
0.39
0.39
0.39
0.39
0.39
0.39
0.38
0.38
0.38
0.38
0.38
0.38
0.37
0.37
0.37
0.36
0.36
0.36
0.36
0.36
0.35
0.35
0.35
0.35
0.35
0.35
0.34
0.34
0.34
0.34
0.34
0.34
0.34
0.33
0.33
0.33
0.33
0.33
0.33
0.33
0.33
0.32
0.32
0.32
0.32
0.32
0.32
0.31
0.31
0.31
0.31
0.31
0.31
0.31
0.31
0.3
0.3
0.3
0.3
0.3
0.3
0.3
0.3
0.3
0.29
0.29
0.29
0.29
0.29
0.29
0.29
0.29
0.29
0.29
0.28
0.28
0.28
0.28
0.28
0.28
0.28
0.27
0.27
0.27
0.27
0.27
0.27
0.27
0.27
0.26
0.26
0.26
0.26
0.26
0.26
0.26
0.25
0.25
0.25
0.25
0.25
0.25
0.25
0.25
0.25
0.25
0.25
0.25
0.24
0.24
0.24
0.24
0.24
0.24
0.24
0.24
0.24
0.24
0.24
0.24
0.24
0.24
0.24
0.23
0.23
0.23
0.23
0.23
0.23
0.23
0.23
0.23
0.23
0.23
0.23
0.23
0.22
0.22
0.22
0.22
0.22
0.22
0.22
0.22
0.22
0.21
0.21
0.21
0.21
0.21
0.21
0.21
0.21
0.21
0.21
0.21
0.21
0.21
0.21
0.21
0.21
0.2
0.2
0.2
0.2
0.2
0.2
0.2
0.2
0.2
0.2
0.2
0.2
0.2
0.2
0.2
0.2
0.2
0.19
0.19
0.19
0.19
0.19
0.19
0.19
0.19
0.19
0.19
0.18
0.18
0.18
0.18
0.18
0.18
0.18
0.18
0.18
0.18
0.18
0.18
0.18
0.18
0.18
0.18
0.18
0.18
0.18
0.18
0.17
0.17
0.17
0.17
0.17
0.17
0.17
0.17
0.17
0.17
0.17
0.17
0.17
0.17
0.16
0.16
0.16
0.16
0.16
0.16
0.16
0.16
0.16
0.16
0.16
0.16
0.16
0.16
0.16
0.16
0.15
0.15
0.15
0.15
0.15
0.15
0.15
0.15
0.15
0.15
0.15
0.15
0.15
0.15
0.15
0.15
0.15
0.15
0.15
0.15
0.15
0.15
0.15
0.15
0.15
0.15
0.15
0.15
0.15
0.15
0.14
0.14
0.14
0.14
0.14
0.14
0.14
0.14
0.14
0.14
0.14
0.14
0.14
0.14
0.14
0.13
0.13
0.13
0.13
0.13
0.13
0.13
0.13
0.13
0.13
0.13
0.13
0.13
0.13
0.13
0.13
0.13
0.13
0.13
0.13
0.13
0.13
0.13
0.13
0.12
0.12
0.12
0.12
0.12
0.12
0.12
0.12
0.12
0.12
0.12
0.12
0.12
0.12
0.12
0.12
0.12
0.12
0.11
0.11
0.11
0.11
0.11
0.11
0.11
0.11
0.11
0.11
0.11
0.11
0.11
0.11
0.11
0.11
0.11
0.11
0.11
0.11
0.11
0.11
0.11
0.11
0.11
0.11
0.11
0.11
0.11
0.11
0.11
0.11
0.11
0.1
0.1
0.1
0.1
0.1
0.1
0.1
0.1
0.1
0.1
0.1
0.1
0.1
0.1
0.1
0.1
0.1
0.1
0.1
0.1
0.1
0.09
0.09
0.09
0.09
0.09
0.09
0.09
0.09
0.09
0.09
0.09
0.09
0.09
0.09
0.09
0.09
0.09
0.09
0.09
0.09
0.09
0.09
0.09
0.09
0.09
0.09
0.09
0.09
0.09
0.09
0.09
0.09
0.09
0.09
0.09
0.09
0.09
0.08
0.08
0.08
0.08
0.08
0.08
0.08
0.08
0.08
0.08
0.08
0.08
0.08
0.08
0.08
0.08
0.08
0.08
0.08
0.08
0.08
0.08
0.08
0.08
0.08
0.08
0.08
0.08
0.08
0.08
0.07
0.07
0.07
0.07
0.07
0.07
0.07
0.07
0.07
0.07
0.07
0.07
0.07
0.07
0.07
0.07
0.07
0.07
0.07
0.07
0.07
0.07
0.07
0.07
0.07
0.07
0.07
0.07
0.07
0.07
0.07
0.07
0.07
0.07
0.07
0.06
0.06
0.06
0.06
0.06
0.06
0.06
0.06
0.06
0.06
0.06
0.06
0.06
0.06
0.06
0.06
0.06
0.06
0.06
0.06
0.06
0.06
0.06
0.06
0.06
0.06
0.06
0.06
0.06
0.06
0.06
0.06
0.06
0.06
0.06
0.06
0.06
0.06
0.06
0.06
0.06
0.06
0.06
0.05
0.05
0.05
0.05
0.05
0.05
0.05
0.05
0.05
0.05
0.05
0.05
0.05
0.05
0.05
0.05
0.05
0.05
0.05
0.05
0.05
0.05
0.05
0.05
0.04
0.04
0.04
0.04
0.04
0.04
0.04
0.04
0.04
0.04
0.04
0.04
0.04
0.04
0.04
0.04
0.04
0.04
0.04
0.04
0.04
0.04
0.04
0.04
0.04
0.04
0.04
0.04
0.04
0.04
0.04
0.04
0.04
0.04
0.03
0.03
0.03
0.03
0.03
0.03
0.03
0.03
0.03
0.03
0.03
0.03
0.03
0.03
0.03
0.03
0.03
0.03
0.03
0.03
0.03
0.03
0.03
0.03
0.03
0.03
0.03
0.03
0.03
0.03
0.03
0.03
0.03
0.03
0.03
0.03
0.03
0.03
0.03
0.03
0.03
0.02
0.02
0.02
0.02
0.02
0.02
0.02
0.02
0.02
0.02
0.02
0.02
0.02
0.02
0.02
0.02
0.02
0.02
0.02
0.02
0.02
0.02
0.02
0.02
0.02
0.02
0.02
0.02
0.02
0.02
0.02
0.02
0.02
0.02
0.02
0.02
0.02
0.02
0.02
0.02
0.02
0.02
0.02
0.02
0.02
0.02
0.01
0.01
0.01
0.01
0.01
0.01
0.01
0.01
0.01
0.01
0.01
0.01
0.01
0.01
82.53
29.8
28.92
18.25
7.15
6.09
5.95
5.63
5.12
5.03
4.49
4.39
4.38
4.34
4.21
4.11
3.87
3.54
3.45
3.33
3.11
2.89
2.76
2.7
2.69
2.65
2.65
2.62
2.58
2.5
2.42
2.24
2.21
2.18
2.15
2.1
2.08
2.08
2.07
2.04
1.95
1.94
1.8
1.76
1.71
1.7
1.68
1.67
1.65
1.62
1.6
1.59
1.58
1.56
1.54
1.5
1.49
1.48
1.48
1.47
1.43
1.42
1.42
1.4
1.36
1.34
1.34
1.3
1.28
1.25
1.23
1.22
1.21
1.2
1.2
1.19
1.19
1.18
1.16
1.16
1.13
1.1
1.1
1.09
1.09
1.07
1.07
1.06
1.05
1.04
1.04
1.02
1.01
1
0.99
0.97
0.97
0.97
0.95
0.95
0.94
0.94
0.93
0.92
0.92
0.92
0.92
0.9
0.89
0.89
0.88
0.87
0.86
0.86
0.82
0.8
0.79
0.79
0.78
0.78
0.77
0.76
0.75
0.75
0.75
0.74
0.74
0.73
0.72
0.69
0.68
0.67
0.67
0.66
0.66
0.66
0.66
0.64
0.63
0.63
0.63
0.62
0.61
0.61
0.6
0.58
0.58
0.57
0.56
0.56
0.56
0.56
0.56
0.55
0.55
0.55
0.54
0.54
0.54
0.53
0.53
0.53
0.53
0.52
0.52
0.52
0.52
0.52
0.52
0.52
0.52
0.51
0.51
0.51
0.5
0.5
0.5
0.5
0.5
0.5
0.49
0.49
0.49
0.49
0.49
0.49
0.48
0.48
0.48
0.48
0.47
0.47
0.47
0.47
0.47
0.47
0.46
0.46
0.46
0.45
0.45
0.45
0.45
0.44
0.44
0.44
0.43
0.43
0.43
0.43
0.42
0.42
0.42
0.42
0.42
0.42
0.42
0.41
0.41
0.41
0.4
0.4
0.4
0.4
0.39
0.39
0.38
0.38
0.37
0.37
0.37
0.37
0.37
0.37
0.37
0.37
0.37
0.37
0.37
0.36
0.36
0.35
0.35
0.35
0.35
0.35
0.34
0.34
0.34
0.34
0.34
0.33
0.33
0.33
0.33
0.33
0.33
0.33
0.33
0.33
0.33
0.33
0.32
0.32
0.32
0.32
0.31
0.31
0.31
0.3
0.3
0.3
0.3
0.3
0.3
0.3
0.3
0.3
0.29
0.29
0.29
0.29
0.28
0.28
0.28
0.28
0.28
0.28
0.28
0.28
0.28
0.28
0.28
0.28
0.28
0.27
0.27
0.27
0.27
0.27
0.27
0.27
0.27
0.27
0.26
0.26
0.26
0.26
0.26
0.26
0.26
0.26
0.25
0.25
0.25
0.25
0.25
0.25
0.25
0.25
0.25
0.25
0.24
0.24
0.24
0.24
0.24
0.24
0.24
0.24
0.24
0.23
0.23
0.23
0.23
0.23
0.23
0.23
0.23
0.22
0.22
0.22
0.22
0.22
0.22
0.22
0.22
0.22
0.21
0.21
0.21
0.21
0.21
0.21
0.21
0.21
0.21
0.2
0.2
0.2
0.2
0.2
0.2
0.2
0.2
0.2
0.2
0.2
0.19
0.19
0.19
0.19
0.19
0.19
0.19
0.19
0.19
0.19
0.19
0.19
0.19
0.19
0.18
0.18
0.18
0.18
0.18
0.18
0.17
0.17
0.17
0.17
0.17
0.17
0.17
0.17
0.17
0.17
0.17
0.17
0.16
0.16
0.16
0.16
0.16
0.16
0.16
0.16
0.16
0.16
0.16
0.16
0.16
0.16
0.16
0.16
0.16
0.16
0.16
0.16
0.16
0.16
0.15
0.15
0.15
0.15
0.15
0.15
0.15
0.15
0.15
0.15
0.15
0.14
0.14
0.14
0.14
0.14
0.14
0.14
0.14
0.14
0.14
0.14
0.14
0.14
0.14
0.14
0.14
0.14
0.14
0.14
0.14
0.14
0.14
0.14
0.13
0.13
0.13
0.13
0.13
0.13
0.13
0.13
0.13
0.13
0.13
0.13
0.13
0.13
0.13
0.13
0.13
0.13
0.13
0.13
0.13
0.13
0.13
0.12
0.12
0.12
0.12
0.12
0.12
0.12
0.12
0.12
0.12
0.12
0.12
0.12
0.12
0.12
0.12
0.12
0.11
0.11
0.11
0.11
0.11
0.11
0.11
0.11
0.11
0.11
0.11
0.11
0.11
0.11
0.11
0.11
0.11
0.11
0.11
0.11
0.1
0.1
0.1
0.1
0.1
0.1
0.1
0.1
0.1
0.1
0.1
0.1
0.1
0.1
0.1
0.1
0.1
0.1
0.1
0.1
0.1
0.1
0.1
0.1
0.1
0.1
0.1
0.1
0.1
0.1
0.09
0.09
0.09
0.09
0.09
0.09
0.09
0.09
0.09
0.09
0.09
0.09
0.09
0.09
0.09
0.09
0.09
0.09
0.09
0.09
0.09
0.09
0.09
0.09
0.09
0.08
0.08
0.08
0.08
0.08
0.08
0.08
0.08
0.08
0.08
0.08
0.08
0.08
0.08
0.08
0.08
0.08
0.08
0.08
0.08
0.08
0.08
0.08
0.08
0.08
0.08
0.07
0.07
0.07
0.07
0.07
0.07
0.07
0.07
0.07
0.07
0.07
0.07
0.07
0.07
0.07
0.07
0.07
0.07
0.07
0.07
0.07
0.07
0.07
0.07
0.07
0.07
0.07
0.07
0.07
0.07
0.07
0.07
0.07
0.07
0.06
0.06
0.06
0.06
0.06
0.06
0.06
0.06
0.06
0.06
0.06
0.06
0.06
0.06
0.06
0.06
0.06
0.06
0.06
0.06
0.06
0.06
0.06
0.06
0.06
0.06
0.06
0.06
0.06
0.06
0.06
0.06
0.06
0.06
0.06
0.05
0.05
0.05
0.05
0.05
0.05
0.05
0.05
0.05
0.05
0.05
0.05
0.05
0.05
0.05
0.05
0.05
0.05
0.05
0.05
0.05
0.05
0.05
0.05
0.05
0.05
0.05
0.05
0.05
0.05
0.05
0.05
0.05
0.05
0.05
0.05
0.05
0.05
0.05
0.05
0.05
0.05
0.05
0.05
0.05
0.05
0.05
0.05
0.05
0.05
0.05
0.05
0.05
0.05
0.05
0.05
0.04
0.04
0.04
0.04
0.04
0.04
0.04
0.04
0.04
0.04
0.04
0.04
0.04
0.04
0.04
0.04
0.04
0.04
0.04
0.04
0.04
0.04
0.04
0.04
0.04
0.04
0.04
0.04
0.04
0.04
0.04
0.04
0.04
0.04
0.04
0.04
0.04
0.04
0.04
0.04
0.04
0.04
0.04
0.04
0.04
0.04
0.04
0.04
0.04
0.04
0.04
0.04
0.04
0.04
0.04
0.04
0.04
0.04
0.03
0.03
0.03
0.03
0.03
0.03
0.03
0.03
0.03
0.03
0.03
0.03
0.03
0.03
0.03
0.03
0.03
0.03
0.03
0.03
0.03
0.03
0.03
0.03
0.03
0.03
0.03
0.03
0.03
0.03
0.03
0.03
0.03
0.03
0.03
0.03
0.03
0.03
0.03
0.03
0.03
0.03
0.03
0.03
0.03
0.03
0.03
0.03
0.03
0.03
0.03
0.03
0.03
0.03
0.03
0.03
0.03
0.03
0.03
0.03
0.03
0.03
0.03
0.03
0.03
0.03
0.03
0.03
0.03
0.03
0.03
0.02
0.02
0.02
0.02
0.02
0.02
0.02
0.02
0.02
0.02
0.02
0.02
0.02
0.02
0.02
0.02
0.02
0.02
0.02
0.02
0.02
0.02
0.02
0.02
0.02
0.02
0.02
0.02
0.02
0.02
0.02
0.02
0.02
0.02
0.02
0.02
0.02
0.02
0.02
0.02
0.02
0.02
0.02
0.02
0.02
0.02
0.02
0.02
0.02
0.02
0.02
0.02
0.02
0.02
0.02
0.02
0.02
0.02
0.02
0.02
0.02
0.02
0.02
0.02
0.02
0.02
0.02
0.02
0.02
0.02
0.02
0.02
0.02
0.02
0.02
0.02
0.02
0.02
0.02
0.02
0.02
0.02
0.02
0.02
0.02
0.02
0.02
0.02
0.02
0.02
0.02
0.02
0.02
0.02
0.02
0.02
0.02
0.02
0.02
0.02
0.02
0.02
0.02
0.02
0.02
0.02
0.02
0.02
0.01
0.01
0.01
0.01
0.01
0.01
0.01
0.01
0.01
0.01
0.01
0.01
0.01
0.01
0.01
0.01
0.01
0.01
0.01
0.01
0.01
0.01
0.01
0.01
0.01
0.01
0.01
0.01
0.01
0.01
0.01
0.01
0.01
0.01
0.01
0.01
0.01
0.01
0.01
0.01
0.01
0.01
0.01
0.01
0.01
0.01
0.01
22.7
12.12
11.35
9.31
8.91
8.27
7.99
6.68
5.64
5.54
5.19
5.08
4.98
4.98
4.93
4.92
4.82
4.76
4.6
4.53
4.19
4.09
4.07
4.05
4.05
3.94
3.83
3.79
3.74
3.71
3.66
3.63
3.58
3.18
3.14
3.1
3
2.91
2.89
2.87
2.83
2.8
2.73
2.58
2.57
2.57
2.57
2.56
2.48
2.41
2.37
2.34
2.29
2.24
2.22
2.2
2.2
2.13
2.07
2.05
2.04
2.04
2
1.87
1.83
1.82
1.79
1.76
1.76
1.75
1.75
1.7
1.7
1.69
1.67
1.65
1.65
1.62
1.6
1.59
1.56
1.52
1.51
1.51
1.48
1.47
1.44
1.44
1.43
1.43
1.43
1.41
1.39
1.37
1.35
1.35
1.35
1.33
1.32
1.29
1.29
1.26
1.25
1.25
1.24
1.24
1.23
1.22
1.21
1.21
1.21
1.2
1.19
1.16
1.15
1.15
1.15
1.14
1.14
1.13
1.12
1.11
1.11
1.1
1.1
1.1
1.08
1.07
1.07
1.06
1.06
1.06
1.05
1.05
1.05
1.05
1.04
1.03
1.03
1.02
1.02
1.02
1.02
1.02
1.01
1.01
1.01
0.99
0.98
0.97
0.97
0.93
0.93
0.91
0.9
0.9
0.88
0.88
0.87
0.87
0.87
0.87
0.85
0.85
0.85
0.85
0.84
0.84
0.83
0.83
0.82
0.82
0.82
0.81
0.81
0.8
0.79
0.79
0.79
0.78
0.78
0.78
0.77
0.76
0.75
0.75
0.74
0.74
0.74
0.73
0.73
0.73
0.72
0.72
0.72
0.71
0.71
0.71
0.71
0.71
0.71
0.7
0.7
0.7
0.69
0.68
0.68
0.68
0.68
0.67
0.67
0.66
0.66
0.66
0.66
0.66
0.66
0.65
0.65
0.65
0.65
0.65
0.64
0.64
0.64
0.63
0.63
0.63
0.63
0.63
0.63
0.62
0.61
0.61
0.61
0.6
0.6
0.6
0.6
0.6
0.59
0.58
0.57
0.57
0.57
0.57
0.57
0.57
0.57
0.56
0.56
0.56
0.56
0.56
0.56
0.55
0.55
0.55
0.55
0.54
0.54
0.54
0.53
0.53
0.53
0.52
0.52
0.52
0.52
0.51
0.51
0.51
0.51
0.51
0.5
0.5
0.5
0.5
0.5
0.5
0.5
0.5
0.5
0.49
0.49
0.49
0.48
0.48
0.48
0.48
0.48
0.47
0.47
0.47
0.47
0.47
0.47
0.47
0.46
0.46
0.46
0.46
0.46
0.46
0.46
0.46
0.45
0.45
0.45
0.45
0.45
0.45
0.45
0.45
0.44
0.44
0.44
0.44
0.44
0.44
0.44
0.44
0.43
0.43
0.43
0.43
0.42
0.42
0.42
0.42
0.42
0.42
0.42
0.42
0.42
0.42
0.41
0.41
0.41
0.41
0.41
0.41
0.41
0.41
0.41
0.41
0.41
0.4
0.4
0.4
0.4
0.4
0.4
0.39
0.39
0.39
0.39
0.38
0.38
0.38
0.38
0.38
0.38
0.38
0.38
0.38
0.38
0.37
0.37
0.37
0.37
0.37
0.37
0.37
0.37
0.37
0.36
0.36
0.36
0.35
0.35
0.35
0.35
0.34
0.34
0.34
0.34
0.34
0.34
0.34
0.34
0.34
0.33
0.33
0.33
0.33
0.33
0.33
0.33
0.33
0.33
0.33
0.32
0.32
0.32
0.32
0.32
0.32
0.32
0.31
0.31
0.31
0.31
0.31
0.31
0.31
0.31
0.31
0.31
0.31
0.31
0.3
0.3
0.3
0.3
0.3
0.3
0.3
0.3
0.3
0.3
0.29
0.29
0.29
0.29
0.29
0.29
0.29
0.29
0.29
0.29
0.29
0.29
0.28
0.28
0.28
0.28
0.28
0.28
0.28
0.28
0.28
0.28
0.28
0.28
0.28
0.27
0.27
0.27
0.27
0.27
0.27
0.27
0.27
0.27
0.27
0.27
0.27
0.26
0.26
0.26
0.26
0.26
0.26
0.26
0.26
0.26
0.26
0.26
0.26
0.25
0.25
0.25
0.25
0.25
0.25
0.25
0.25
0.25
0.25
0.25
0.25
0.25
0.25
0.24
0.24
0.24
0.24
0.24
0.24
0.24
0.24
0.24
0.23
0.23
0.23
0.23
0.23
0.23
0.23
0.23
0.23
0.23
0.23
0.23
0.22
0.22
0.22
0.22
0.22
0.22
0.22
0.22
0.22
0.21
0.21
0.21
0.21
0.21
0.21
0.21
0.21
0.2
0.2
0.2
0.2
0.2
0.2
0.2
0.2
0.2
0.2
0.19
0.19
0.19
0.19
0.19
0.19
0.19
0.19
0.19
0.19
0.18
0.18
0.18
0.18
0.18
0.18
0.18
0.18
0.18
0.17
0.17
0.17
0.17
0.17
0.17
0.17
0.17
0.17
0.17
0.17
0.17
0.17
0.17
0.17
0.17
0.17
0.16
0.16
0.16
0.16
0.16
0.16
0.16
0.16
0.16
0.16
0.16
0.16
0.16
0.16
0.16
0.16
0.15
0.15
0.15
0.15
0.15
0.15
0.15
0.15
0.15
0.15
0.15
0.15
0.15
0.15
0.15
0.14
0.14
0.14
0.14
0.14
0.14
0.14
0.14
0.14
0.14
0.14
0.14
0.14
0.14
0.14
0.14
0.14
0.14
0.14
0.14
0.14
0.14
0.14
0.14
0.14
0.14
0.13
0.13
0.13
0.13
0.13
0.13
0.13
0.13
0.13
0.13
0.13
0.13
0.13
0.13
0.13
0.13
0.13
0.13
0.12
0.12
0.12
0.12
0.12
0.12
0.12
0.12
0.12
0.12
0.12
0.12
0.12
0.12
0.12
0.12
0.12
0.12
0.12
0.12
0.12
0.11
0.11
0.11
0.11
0.11
0.11
0.11
0.11
0.11
0.11
0.11
0.11
0.11
0.11
0.11
0.11
0.11
0.11
0.11
0.11
0.11
0.11
0.11
0.11
0.11
0.11
0.11
0.11
0.11
0.11
0.1
0.1
0.1
0.1
0.1
0.1
0.1
0.1
0.1
0.1
0.1
0.1
0.1
0.1
0.1
0.1
0.1
0.1
0.1
0.1
0.1
0.1
0.1
0.1
0.1
0.1
0.1
0.1
0.1
0.1
0.1
0.09
0.09
0.09
0.09
0.09
0.09
0.09
0.09
0.09
0.09
0.09
0.09
0.09
0.09
0.09
0.09
0.09
0.09
0.09
0.09
0.09
0.09
0.09
0.09
0.09
0.09
0.09
0.09
0.09
0.09
0.09
0.09
0.09
0.08
0.08
0.08
0.08
0.08
0.08
0.08
0.08
0.08
0.08
0.08
0.08
0.08
0.08
0.08
0.08
0.08
0.08
0.08
0.08
0.08
0.08
0.08
0.08
0.08
0.08
0.08
0.08
0.08
0.08
0.07
0.07
0.07
0.07
0.07
0.07
0.07
0.07
0.07
0.07
0.07
0.07
0.07
0.07
0.07
0.07
0.07
0.07
0.07
0.07
0.07
0.07
0.07
0.07
0.07
0.07
0.07
0.07
0.07
0.07
0.06
0.06
0.06
0.06
0.06
0.06
0.06
0.06
0.06
0.06
0.06
0.06
0.06
0.06
0.06
0.06
0.06
0.06
0.06
0.06
0.06
0.06
0.06
0.06
0.06
0.06
0.06
0.06
0.06
0.06
0.06
0.06
0.06
0.06
0.06
0.06
0.06
0.06
0.06
0.06
0.06
0.06
0.06
0.06
0.06
0.05
0.05
0.05
0.05
0.05
0.05
0.05
0.05
0.05
0.05
0.05
0.05
0.05
0.05
0.05
0.05
0.05
0.05
0.05
0.05
0.05
0.05
0.05
0.05
0.05
0.05
0.05
0.05
0.05
0.05
0.05
0.05
0.05
0.05
0.05
0.05
0.05
0.05
0.05
0.05
0.05
0.05
0.05
0.05
0.04
0.04
0.04
0.04
0.04
0.04
0.04
0.04
0.04
0.04
0.04
0.04
0.04
0.04
0.04
0.04
0.04
0.04
0.04
0.04
0.04
0.04
0.04
0.04
0.04
0.04
0.04
0.04
0.04
0.04
0.04
0.04
0.04
0.04
0.04
0.04
0.04
0.04
0.04
0.04
0.04
0.04
0.04
0.04
0.04
0.04
0.04
0.04
0.04
0.04
0.04
0.04
0.04
0.04
0.04
0.04
0.04
0.04
0.04
0.03
0.03
0.03
0.03
0.03
0.03
0.03
0.03
0.03
0.03
0.03
0.03
0.03
0.03
0.03
0.03
0.03
0.03
0.03
0.03
0.03
0.03
0.03
0.03
0.03
0.03
0.03
0.03
0.03
0.03
0.03
0.03
0.03
0.03
0.03
0.03
0.03
0.03
0.03
0.03
0.03
0.03
0.03
0.03
0.03
0.03
0.03
0.03
0.03
0.03
0.03
0.03
0.03
0.03
0.03
0.03
0.03
0.03
0.03
0.03
0.03
0.03
0.02
0.02
0.02
0.02
0.02
0.02
0.02
0.02
0.02
0.02
0.02
0.02
0.02
0.02
0.02
0.02
0.02
0.02
0.02
0.02
0.02
0.02
0.02
0.02
0.02
0.02
0.02
0.02
0.02
0.02
0.02
0.02
0.02
0.02
0.02
0.02
0.02
0.02
0.02
0.02
0.02
0.02
0.02
0.02
0.02
0.02
0.02
0.02
0.02
0.02
0.02
0.02
0.02
0.02
0.02
0.02
0.02
0.02
0.02
0.02
0.02
0.02
0.02
0.02
0.02
0.02
0.02
0.02
0.02
0.02
0.02
0.02
0.02
0.02
0.02
0.02
0.02
0.02
0.02
0.02
0.02
0.02
0.02
0.02
0.02
0.02
0.02
0.02
0.02
0.02
0.02
0.02
0.02
0.02
0.02
0.02
0.02
0.01
0.01
0.01
0.01
0.01
0.01
0.01
0.01
0.01
0.01
0.01
0.01
0.01
0.01
0.01
0.01
0.01
0.01
0.01
0.01
0.01
0.01
0.01
0.01
0.01
0.01
0.01
0.01
0.01
0.01
0.01
0.01
0.01
0.01
0.01
0.01
0.01
0.01
0.01
0.01
0.01
0.01
0.01
0.01
0.01
0.01
0.01
0.01
0.01
0.01
0.01
0.01
0.01
0.01
0.01
0.01
0.01
0.01
0.01
0.01
0.01
0.01
35.52
12.84
11.01
10.5
7.72
7.38
6.75
5.99
5.82
5.48
5.39
5.09
4.93
4.62
4.27
3.94
3.76
3.62
3.51
3.46
3.38
3.26
3.25
3.18
3.14
3.11
3.05
3.04
3.03
2.92
2.89
2.77
2.66
2.58
2.58
2.53
2.5
2.5
2.47
2.46
2.45
2.42
2.35
2.32
2.28
2.28
2.23
2.21
2.2
2.2
2.16
2.11
2.05
2.03
2.03
2
2
1.94
1.94
1.94
1.93
1.92
1.89
1.89
1.88
1.88
1.86
1.8
1.75
1.72
1.71
1.68
1.68
1.67
1.66
1.66
1.65
1.64
1.59
1.58
1.58
1.57
1.57
1.57
1.56
1.56
1.55
1.54
1.51
1.51
1.49
1.49
1.48
1.48
1.46
1.46
1.46
1.44
1.43
1.42
1.42
1.4
1.4
1.38
1.37
1.36
1.35
1.35
1.35
1.34
1.34
1.34
1.34
1.32
1.29
1.29
1.28
1.28
1.27
1.27
1.27
1.27
1.27
1.27
1.26
1.25
1.25
1.25
1.24
1.23
1.21
1.19
1.19
1.17
1.17
1.17
1.16
1.15
1.15
1.15
1.14
1.13
1.1
1.09
1.08
1.08
1.07
1.07
1.07
1.07
1.06
1.06
1.06
1.05
1.03
1.03
1.03
1.02
1.02
1.01
1.01
1.01
1
0.99
0.99
0.99
0.98
0.98
0.98
0.98
0.96
0.95
0.95
0.95
0.94
0.94
0.93
0.93
0.93
0.92
0.91
0.91
0.91
0.91
0.89
0.89
0.89
0.89
0.89
0.89
0.89
0.89
0.88
0.88
0.88
0.88
0.87
0.87
0.87
0.87
0.87
0.87
0.87
0.86
0.85
0.85
0.84
0.83
0.83
0.83
0.82
0.82
0.81
0.81
0.81
0.8
0.79
0.79
0.78
0.78
0.78
0.77
0.77
0.76
0.76
0.76
0.76
0.76
0.75
0.75
0.75
0.74
0.74
0.73
0.73
0.72
0.72
0.71
0.71
0.71
0.7
0.7
0.69
0.68
0.68
0.67
0.67
0.67
0.67
0.67
0.66
0.66
0.66
0.65
0.65
0.65
0.65
0.65
0.65
0.65
0.65
0.64
0.64
0.64
0.63
0.63
0.62
0.62
0.61
0.61
0.61
0.61
0.61
0.6
0.6
0.6
0.6
0.59
0.59
0.59
0.59
0.59
0.59
0.59
0.59
0.58
0.58
0.58
0.58
0.58
0.58
0.58
0.57
0.57
0.57
0.57
0.57
0.57
0.56
0.56
0.56
0.56
0.56
0.56
0.55
0.55
0.55
0.55
0.55
0.55
0.55
0.54
0.54
0.54
0.54
0.54
0.54
0.53
0.53
0.53
0.53
0.53
0.53
0.52
0.52
0.52
0.52
0.52
0.52
0.52
0.52
0.51
0.51
0.51
0.51
0.5
0.5
0.5
0.5
0.5
0.5
0.5
0.49
0.49
0.49
0.49
0.49
0.49
0.48
0.48
0.48
0.48
0.48
0.48
0.48
0.48
0.48
0.47
0.47
0.47
0.47
0.47
0.47
0.47
0.47
0.46
0.46
0.46
0.46
0.45
0.45
0.45
0.45
0.45
0.45
0.45
0.45
0.45
0.45
0.44
0.44
0.44
0.44
0.44
0.43
0.43
0.43
0.43
0.43
0.42
0.42
0.42
0.42
0.42
0.42
0.41
0.41
0.41
0.41
0.4
0.4
0.4
0.4
0.4
0.4
0.4
0.4
0.4
0.4
0.39
0.39
0.39
0.39
0.39
0.39
0.39
0.39
0.39
0.39
0.38
0.38
0.38
0.38
0.38
0.38
0.38
0.38
0.38
0.38
0.38
0.38
0.37
0.37
0.37
0.37
0.37
0.37
0.37
0.37
0.36
0.36
0.36
0.36
0.36
0.36
0.36
0.35
0.35
0.35
0.35
0.35
0.35
0.35
0.34
0.34
0.34
0.34
0.34
0.34
0.34
0.34
0.34
0.34
0.33
0.33
0.33
0.33
0.33
0.33
0.32
0.32
0.32
0.32
0.32
0.32
0.32
0.32
0.32
0.32
0.32
0.32
0.32
0.32
0.32
0.31
0.31
0.31
0.31
0.31
0.31
0.31
0.31
0.31
0.31
0.3
0.3
0.3
0.3
0.29
0.29
0.29
0.29
0.29
0.29
0.29
0.29
0.29
0.29
0.29
0.28
0.28
0.28
0.28
0.28
0.28
0.28
0.28
0.27
0.27
0.27
0.27
0.27
0.27
0.27
0.27
0.27
0.27
0.26
0.26
0.26
0.26
0.26
0.26
0.26
0.26
0.26
0.26
0.26
0.26
0.26
0.26
0.25
0.25
0.25
0.25
0.25
0.25
0.25
0.25
0.25
0.25
0.25
0.25
0.25
0.25
0.25
0.25
0.24
0.24
0.24
0.24
0.24
0.24
0.24
0.24
0.24
0.24
0.24
0.24
0.24
0.24
0.23
0.23
0.23
0.23
0.23
0.23
0.23
0.23
0.23
0.23
0.23
0.23
0.23
0.23
0.23
0.23
0.23
0.23
0.22
0.22
0.22
0.22
0.22
0.22
0.22
0.22
0.22
0.22
0.22
0.22
0.22
0.22
0.22
0.22
0.22
0.22
0.22
0.22
0.22
0.22
0.22
0.21
0.21
0.21
0.21
0.21
0.21
0.21
0.21
0.21
0.21
0.21
0.21
0.21
0.21
0.21
0.21
0.21
0.2
0.2
0.2
0.2
0.2
0.2
0.2
0.2
0.2
0.2
0.2
0.2
0.2
0.2
0.19
0.19
0.19
0.19
0.19
0.19
0.19
0.19
0.19
0.19
0.19
0.19
0.19
0.19
0.19
0.19
0.19
0.19
0.19
0.19
0.19
0.19
0.19
0.19
0.19
0.19
0.18
0.18
0.18
0.18
0.18
0.18
0.18
0.18
0.18
0.18
0.18
0.18
0.18
0.18
0.18
0.18
0.18
0.17
0.17
0.17
0.17
0.17
0.17
0.17
0.17
0.17
0.17
0.17
0.17
0.17
0.17
0.17
0.17
0.17
0.17
0.17
0.17
0.17
0.17
0.16
0.16
0.16
0.16
0.16
0.16
0.16
0.16
0.16
0.16
0.16
0.16
0.16
0.16
0.16
0.16
0.16
0.16
0.16
0.16
0.16
0.15
0.15
0.15
0.15
0.15
0.15
0.15
0.15
0.15
0.15
0.15
0.15
0.15
0.15
0.15
0.15
0.15
0.15
0.14
0.14
0.14
0.14
0.14
0.14
0.14
0.14
0.14
0.14
0.14
0.14
0.14
0.14
0.14
0.14
0.14
0.14
0.14
0.14
0.14
0.13
0.13
0.13
0.13
0.13
0.13
0.13
0.13
0.13
0.13
0.13
0.13
0.13
0.13
0.13
0.13
0.13
0.13
0.13
0.13
0.13
0.13
0.13
0.13
0.13
0.13
0.13
0.13
0.13
0.13
0.13
0.13
0.13
0.13
0.13
0.13
0.12
0.12
0.12
0.12
0.12
0.12
0.12
0.12
0.12
0.12
0.12
0.12
0.12
0.12
0.12
0.12
0.12
0.12
0.12
0.12
0.12
0.12
0.12
0.12
0.12
0.12
0.12
0.12
0.12
0.12
0.12
0.12
0.12
0.12
0.12
0.12
0.11
0.11
0.11
0.11
0.11
0.11
0.11
0.11
0.11
0.11
0.11
0.11
0.11
0.11
0.11
0.11
0.11
0.11
0.11
0.11
0.11
0.11
0.11
0.11
0.11
0.11
0.11
0.11
0.11
0.11
0.11
0.11
0.1
0.1
0.1
0.1
0.1
0.1
0.1
0.1
0.1
0.1
0.1
0.1
0.1
0.1
0.1
0.1
0.1
0.1
0.1
0.1
0.1
0.1
0.1
0.1
0.1
0.1
0.1
0.1
0.1
0.1
0.1
0.1
0.09
0.09
0.09
0.09
0.09
0.09
0.09
0.09
0.09
0.09
0.09
0.09
0.09
0.09
0.09
0.09
0.09
0.09
0.09
0.09
0.09
0.09
0.09
0.09
0.09
0.09
0.09
0.09
0.09
0.09
0.08
0.08
0.08
0.08
0.08
0.08
0.08
0.08
0.08
0.08
0.08
0.08
0.08
0.08
0.08
0.08
0.08
0.08
0.08
0.08
0.08
0.08
0.08
0.08
0.08
0.08
0.08
0.08
0.08
0.08
0.08
0.08
0.08
0.08
0.08
0.08
0.08
0.08
0.08
0.08
0.08
0.08
0.08
0.08
0.08
0.08
0.08
0.07
0.07
0.07
0.07
0.07
0.07
0.07
0.07
0.07
0.07
0.07
0.07
0.07
0.07
0.07
0.07
0.07
0.07
0.07
0.07
0.07
0.07
0.07
0.07
0.07
0.07
0.07
0.07
0.07
0.07
0.07
0.07
0.07
0.07
0.07
0.07
0.07
0.07
0.07
0.07
0.07
0.07
0.07
0.07
0.07
0.07
0.07
0.07
0.07
0.07
0.07
0.06
0.06
0.06
0.06
0.06
0.06
0.06
0.06
0.06
0.06
0.06
0.06
0.06
0.06
0.06
0.06
0.06
0.06
0.06
0.06
0.06
0.06
0.06
0.06
0.06
0.06
0.06
0.06
0.06
0.06
0.06
0.06
0.06
0.06
0.06
0.06
0.06
0.06
0.06
0.06
0.06
0.06
0.06
0.06
0.06
0.06
0.06
0.06
0.06
0.06
0.06
0.06
0.06
0.06
0.05
0.05
0.05
0.05
0.05
0.05
0.05
0.05
0.05
0.05
0.05
0.05
0.05
0.05
0.05
0.05
0.05
0.05
0.05
0.05
0.05
0.05
0.05
0.05
0.05
0.05
0.05
0.05
0.05
0.05
0.05
0.05
0.05
0.05
0.05
0.05
0.05
0.05
0.05
0.05
0.05
0.05
0.05
0.05
0.05
0.05
0.04
0.04
0.04
0.04
0.04
0.04
0.04
0.04
0.04
0.04
0.04
0.04
0.04
0.04
0.04
0.04
0.04
0.04
0.04
0.04
0.04
0.04
0.04
0.04
0.04
0.04
0.04
0.04
0.04
0.04
0.04
0.04
0.04
0.04
0.04
0.04
0.04
0.04
0.04
0.04
0.04
0.04
0.04
0.04
0.04
0.04
0.04
0.04
0.04
0.04
0.04
0.04
0.04
0.03
0.03
0.03
0.03
0.03
0.03
0.03
0.03
0.03
0.03
0.03
0.03
0.03
0.03
0.03
0.03
0.03
0.03
0.03
0.03
0.03
0.03
0.03
0.03
0.03
0.03
0.03
0.03
0.03
0.03
0.03
0.03
0.03
0.03
0.03
0.03
0.03
0.03
0.03
0.03
0.03
0.03
0.03
0.03
0.03
0.03
0.03
0.03
0.03
0.03
0.03
0.03
0.03
0.03
0.03
0.03
0.03
0.03
0.03
0.03
0.03
0.03
0.03
0.03
0.03
0.03
0.03
0.03
0.03
0.03
0.03
0.03
0.03
0.03
0.02
0.02
0.02
0.02
0.02
0.02
0.02
0.02
0.02
0.02
0.02
0.02
0.02
0.02
0.02
0.02
0.02
0.02
0.02
0.02
0.02
0.02
0.02
0.02
0.02
0.02
0.02
0.02
0.02
0.02
0.02
0.02
0.02
0.02
0.02
0.02
0.02
0.02
0.02
0.02
0.02
0.02
0.02
0.02
0.02
0.02
0.02
0.02
0.02
0.02
0.02
0.02
0.02
0.02
0.02
0.02
0.02
0.02
0.02
0.02
0.02
0.02
0.02
0.02
0.02
0.02
0.02
0.02
0.02
0.02
0.02
0.02
0.02
0.02
0.02
0.02
0.02
0.02
0.02
0.02
0.02
0.02
0.02
0.02
0.02
0.02
0.02
0.02
0.02
0.02
0.02
0.02
0.02
0.02
0.02
0.02
0.02
0.01
0.01
0.01
0.01
0.01
0.01
0.01
0.01
0.01
0.01
0.01
0.01
0.01
0.01
0.01
0.01
0.01
0.01
0.01
0.01
0.01
0.01
0.01
0.01
0.01
0.01
0.01
0.01
0.01
0.01
0.01
0.01
0.01
0.01
0.01
0.01
0.01
0.01
0.01
0.01
0.01
0.01
0.01
0.01
0.01
0.01
0.01
0.01
0.01
0.01
0.01
0.01
0.01
0.01
0.01
0.01
0.01
0.01
0.01
0.01
0.01
0.01
0.01
0.01
0.01
0.01
0.01
0.01
0.01
0.01
0.01
32.77
28.32
21.79
13.47
11.77
10.6
8.01
7.2
6.66
6.34
5.78
5.55
5.49
5.33
5.26
5.09
4.53
4.23
4.16
3.97
3.9
3.77
3.67
3.62
3.5
3.48
3.46
3.44
3.31
3.25
3.01
2.94
2.93
2.83
2.75
2.67
2.65
2.62
2.62
2.6
2.56
2.56
2.54
2.37
2.28
2.26
2.23
2.22
2.16
2.12
2.09
2.06
2.06
1.98
1.91
1.88
1.86
1.84
1.82
1.76
1.71
1.7
1.69
1.69
1.68
1.67
1.57
1.56
1.55
1.52
1.51
1.48
1.46
1.41
1.4
1.4
1.39
1.38
1.35
1.35
1.32
1.31
1.3
1.3
1.29
1.25
1.24
1.23
1.21
1.18
1.17
1.17
1.15
1.13
1.13
1.12
1.12
1.12
1.12
1.09
1.09
1.09
1.08
1.07
1.07
1.07
1.07
1.06
1.06
1.05
1.04
1.03
1.02
1.02
1.01
1
0.99
0.99
0.99
0.98
0.98
0.97
0.97
0.97
0.95
0.94
0.94
0.94
0.93
0.93
0.93
0.91
0.91
0.91
0.9
0.9
0.9
0.9
0.89
0.89
0.88
0.88
0.87
0.87
0.87
0.86
0.86
0.86
0.85
0.85
0.84
0.84
0.84
0.83
0.82
0.81
0.81
0.8
0.8
0.8
0.8
0.79
0.79
0.79
0.79
0.79
0.78
0.77
0.77
0.77
0.77
0.76
0.76
0.75
0.75
0.75
0.75
0.74
0.74
0.74
0.74
0.74
0.74
0.73
0.73
0.72
0.72
0.72
0.72
0.72
0.72
0.71
0.7
0.7
0.69
0.69
0.69
0.68
0.68
0.66
0.66
0.66
0.66
0.65
0.64
0.64
0.64
0.64
0.63
0.63
0.63
0.63
0.63
0.63
0.62
0.62
0.62
0.62
0.61
0.61
0.61
0.61
0.61
0.61
0.61
0.61
0.61
0.6
0.6
0.6
0.6
0.6
0.6
0.59
0.59
0.58
0.58
0.58
0.58
0.58
0.58
0.57
0.57
0.57
0.57
0.57
0.57
0.57
0.56
0.56
0.56
0.56
0.56
0.55
0.54
0.54
0.54
0.54
0.54
0.53
0.53
0.53
0.53
0.52
0.52
0.52
0.51
0.51
0.51
0.51
0.51
0.51
0.51
0.51
0.51
0.5
0.5
0.5
0.49
0.49
0.49
0.49
0.49
0.48
0.48
0.48
0.48
0.48
0.48
0.47
0.47
0.47
0.47
0.47
0.47
0.47
0.47
0.47
0.46
0.46
0.46
0.45
0.45
0.45
0.45
0.45
0.45
0.45
0.45
0.44
0.44
0.44
0.44
0.44
0.44
0.44
0.44
0.44
0.44
0.44
0.44
0.43
0.43
0.43
0.43
0.43
0.43
0.43
0.43
0.42
0.42
0.42
0.42
0.42
0.42
0.42
0.41
0.41
0.41
0.41
0.41
0.41
0.41
0.41
0.41
0.41
0.4
0.4
0.4
0.4
0.4
0.4
0.4
0.4
0.4
0.4
0.4
0.4
0.4
0.4
0.4
0.39
0.39
0.39
0.39
0.39
0.39
0.39
0.39
0.39
0.39
0.38
0.38
0.38
0.38
0.38
0.38
0.38
0.38
0.37
0.37
0.37
0.37
0.37
0.37
0.37
0.37
0.37
0.37
0.37
0.36
0.36
0.36
0.36
0.36
0.36
0.36
0.36
0.36
0.36
0.35
0.35
0.35
0.35
0.35
0.35
0.35
0.35
0.35
0.35
0.35
0.34
0.34
0.34
0.34
0.34
0.34
0.33
0.33
0.33
0.33
0.33
0.33
0.33
0.33
0.33
0.33
0.33
0.33
0.33
0.32
0.32
0.32
0.32
0.32
0.32
0.32
0.32
0.32
0.32
0.32
0.32
0.32
0.32
0.32
0.32
0.32
0.31
0.31
0.31
0.31
0.31
0.31
0.31
0.31
0.31
0.31
0.3
0.3
0.3
0.3
0.3
0.3
0.29
0.29
0.29
0.29
0.29
0.29
0.29
0.29
0.29
0.29
0.29
0.29
0.29
0.29
0.29
0.29
0.28
0.28
0.28
0.28
0.28
0.28
0.28
0.28
0.28
0.28
0.27
0.27
0.27
0.27
0.27
0.27
0.27
0.27
0.27
0.27
0.26
0.26
0.26
0.26
0.26
0.26
0.26
0.26
0.26
0.26
0.26
0.26
0.26
0.26
0.26
0.26
0.26
0.25
0.25
0.25
0.25
0.25
0.25
0.25
0.25
0.25
0.25
0.25
0.25
0.25
0.25
0.25
0.25
0.25
0.25
0.25
0.25
0.24
0.24
0.24
0.24
0.24
0.24
0.24
0.24
0.24
0.24
0.24
0.24
0.24
0.24
0.24
0.24
0.24
0.23
0.23
0.23
0.23
0.23
0.23
0.23
0.23
0.23
0.23
0.23
0.23
0.23
0.23
0.23
0.23
0.22
0.22
0.22
0.22
0.22
0.22
0.22
0.22
0.22
0.22
0.22
0.22
0.22
0.22
0.22
0.21
0.21
0.21
0.21
0.21
0.21
0.21
0.21
0.21
0.21
0.21
0.21
0.21
0.21
0.21
0.21
0.21
0.21
0.21
0.2
0.2
0.2
0.2
0.2
0.2
0.2
0.2
0.2
0.2
0.2
0.2
0.2
0.2
0.2
0.2
0.2
0.2
0.2
0.19
0.19
0.19
0.19
0.19
0.19
0.19
0.19
0.19
0.19
0.19
0.19
0.19
0.19
0.19
0.19
0.19
0.19
0.19
0.19
0.19
0.19
0.19
0.19
0.19
0.18
0.18
0.18
0.18
0.18
0.18
0.18
0.18
0.18
0.18
0.18
0.18
0.18
0.18
0.18
0.18
0.18
0.18
0.18
0.18
0.18
0.18
0.18
0.18
0.17
0.17
0.17
0.17
0.17
0.17
0.17
0.17
0.17
0.17
0.17
0.17
0.17
0.17
0.17
0.17
0.17
0.17
0.17
0.17
0.17
0.17
0.17
0.16
0.16
0.16
0.16
0.16
0.16
0.16
0.16
0.16
0.16
0.16
0.16
0.16
0.16
0.16
0.16
0.16
0.16
0.16
0.15
0.15
0.15
0.15
0.15
0.15
0.15
0.15
0.15
0.15
0.15
0.15
0.15
0.15
0.15
0.15
0.15
0.15
0.15
0.15
0.15
0.15
0.15
0.15
0.15
0.14
0.14
0.14
0.14
0.14
0.14
0.14
0.14
0.14
0.14
0.14
0.14
0.14
0.14
0.14
0.14
0.14
0.14
0.14
0.14
0.14
0.14
0.14
0.14
0.14
0.14
0.13
0.13
0.13
0.13
0.13
0.13
0.13
0.13
0.13
0.13
0.13
0.13
0.13
0.13
0.13
0.13
0.13
0.13
0.13
0.13
0.13
0.13
0.13
0.13
0.12
0.12
0.12
0.12
0.12
0.12
0.12
0.12
0.12
0.12
0.12
0.12
0.12
0.12
0.12
0.12
0.12
0.12
0.12
0.12
0.12
0.12
0.12
0.12
0.11
0.11
0.11
0.11
0.11
0.11
0.11
0.11
0.11
0.11
0.11
0.11
0.11
0.11
0.11
0.11
0.11
0.11
0.11
0.11
0.11
0.11
0.11
0.11
0.11
0.11
0.11
0.11
0.11
0.11
0.11
0.11
0.11
0.11
0.11
0.11
0.11
0.11
0.11
0.11
0.11
0.11
0.1
0.1
0.1
0.1
0.1
0.1
0.1
0.1
0.1
0.1
0.1
0.1
0.1
0.1
0.1
0.1
0.1
0.1
0.1
0.1
0.1
0.1
0.1
0.1
0.1
0.1
0.1
0.1
0.1
0.1
0.1
0.1
0.1
0.1
0.1
0.1
0.1
0.1
0.1
0.1
0.1
0.1
0.1
0.1
0.1
0.1
0.1
0.1
0.1
0.09
0.09
0.09
0.09
0.09
0.09
0.09
0.09
0.09
0.09
0.09
0.09
0.09
0.09
0.09
0.09
0.09
0.09
0.09
0.09
0.09
0.09
0.09
0.09
0.09
0.09
0.09
0.09
0.09
0.09
0.09
0.09
0.09
0.09
0.09
0.09
0.09
0.09
0.08
0.08
0.08
0.08
0.08
0.08
0.08
0.08
0.08
0.08
0.08
0.08
0.08
0.08
0.08
0.08
0.08
0.08
0.08
0.08
0.08
0.08
0.08
0.08
0.08
0.08
0.08
0.08
0.08
0.08
0.08
0.08
0.08
0.08
0.08
0.08
0.08
0.08
0.08
0.08
0.08
0.08
0.08
0.08
0.08
0.08
0.08
0.08
0.08
0.08
0.08
0.08
0.07
0.07
0.07
0.07
0.07
0.07
0.07
0.07
0.07
0.07
0.07
0.07
0.07
0.07
0.07
0.07
0.07
0.07
0.07
0.07
0.07
0.07
0.07
0.07
0.07
0.07
0.07
0.07
0.07
0.07
0.07
0.07
0.07
0.07
0.07
0.07
0.07
0.07
0.07
0.07
0.07
0.07
0.07
0.07
0.07
0.06
0.06
0.06
0.06
0.06
0.06
0.06
0.06
0.06
0.06
0.06
0.06
0.06
0.06
0.06
0.06
0.06
0.06
0.06
0.06
0.06
0.06
0.06
0.06
0.06
0.06
0.06
0.06
0.06
0.06
0.06
0.06
0.06
0.06
0.06
0.06
0.06
0.06
0.06
0.06
0.05
0.05
0.05
0.05
0.05
0.05
0.05
0.05
0.05
0.05
0.05
0.05
0.05
0.05
0.05
0.05
0.05
0.05
0.05
0.05
0.05
0.05
0.05
0.05
0.05
0.05
0.05
0.05
0.05
0.05
0.05
0.05
0.05
0.05
0.05
0.05
0.05
0.05
0.05
0.05
0.05
0.05
0.05
0.05
0.05
0.05
0.05
0.05
0.05
0.05
0.04
0.04
0.04
0.04
0.04
0.04
0.04
0.04
0.04
0.04
0.04
0.04
0.04
0.04
0.04
0.04
0.04
0.04
0.04
0.04
0.04
0.04
0.04
0.04
0.04
0.04
0.04
0.04
0.04
0.04
0.04
0.04
0.04
0.04
0.04
0.04
0.04
0.04
0.04
0.04
0.04
0.04
0.04
0.04
0.04
0.04
0.04
0.04
0.04
0.04
0.04
0.04
0.04
0.04
0.04
0.04
0.04
0.04
0.04
0.04
0.04
0.04
0.04
0.04
0.04
0.04
0.04
0.04
0.04
0.03
0.03
0.03
0.03
0.03
0.03
0.03
0.03
0.03
0.03
0.03
0.03
0.03
0.03
0.03
0.03
0.03
0.03
0.03
0.03
0.03
0.03
0.03
0.03
0.03
0.03
0.03
0.03
0.03
0.03
0.03
0.03
0.03
0.03
0.03
0.03
0.03
0.03
0.03
0.03
0.03
0.03
0.03
0.03
0.03
0.03
0.03
0.03
0.03
0.03
0.03
0.03
0.03
0.03
0.03
0.03
0.03
0.03
0.03
0.03
0.03
0.03
0.03
0.03
0.03
0.03
0.03
0.03
0.03
0.03
0.03
0.03
0.03
0.03
0.03
0.03
0.02
0.02
0.02
0.02
0.02
0.02
0.02
0.02
0.02
0.02
0.02
0.02
0.02
0.02
0.02
0.02
0.02
0.02
0.02
0.02
0.02
0.02
0.02
0.02
0.02
0.02
0.02
0.02
0.02
0.02
0.02
0.02
0.02
0.02
0.02
0.02
0.02
0.02
0.02
0.02
0.02
0.02
0.02
0.02
0.02
0.02
0.02
0.02
0.02
0.02
0.02
0.02
0.02
0.02
0.02
0.02
0.02
0.02
0.02
0.02
0.02
0.02
0.02
0.02
0.02
0.02
0.02
0.02
0.02
0.02
0.02
0.02
0.02
0.02
0.02
0.02
0.02
0.02
0.02
0.02
0.02
0.02
0.02
0.02
0.02
0.01
0.01
0.01
0.01
0.01
0.01
0.01
0.01
0.01
0.01
0.01
0.01
0.01
0.01
0.01
0.01
0.01
0.01
0.01
0.01
0.01
0.01
0.01
0.01
0.01
0.01
0.01
0.01
0.01
0.01
0.01
0.01
0.01
0.01
0.01
0.01
0.01
0.01
0.01
0.01
0.01
0.01
0.01
0.01
0.01
0.01
0.01
0.01
0.01
0.01
0.01
0.01
0.01
0.01
0.01
0.01
0.01
0.01
0.01
0.01
0.01
0.01
0.01
0.01
0.01
0.01
0.01
0.01
21.81
15.14
14.61
12.63
10.7
9.86
9.44
8.38
7.51
6.71
6.49
6.44
6.32
6.19
5.1
5.07
4.87
4.84
4.8
4.36
4.05
3.84
3.52
3.49
3.47
3.17
3.11
3.1
3.03
3
2.95
2.82
2.81
2.78
2.69
2.67
2.63
2.61
2.56
2.52
2.43
2.42
2.41
2.38
2.37
2.28
2.28
2.24
2.2
2.2
2.16
2.09
2.08
2.08
2.06
2.06
2.06
2.06
2.05
2.05
1.98
1.94
1.83
1.83
1.8
1.75
1.73
1.7
1.68
1.68
1.62
1.6
1.55
1.55
1.54
1.52
1.5
1.49
1.49
1.46
1.44
1.43
1.43
1.41
1.41
1.41
1.38
1.37
1.36
1.34
1.34
1.33
1.32
1.32
1.31
1.31
1.29
1.29
1.26
1.26
1.23
1.21
1.2
1.17
1.16
1.14
1.12
1.12
1.1
1.09
1.09
1.08
1.08
1.07
1.07
1.06
1.06
1.04
1.04
1.02
1.02
1
0.98
0.97
0.97
0.96
0.95
0.95
0.95
0.94
0.93
0.93
0.92
0.92
0.91
0.91
0.91
0.89
0.88
0.88
0.88
0.86
0.85
0.85
0.85
0.85
0.85
0.83
0.82
0.82
0.81
0.81
0.8
0.79
0.79
0.78
0.78
0.76
0.76
0.76
0.76
0.76
0.76
0.75
0.75
0.73
0.73
0.73
0.72
0.72
0.72
0.72
0.72
0.72
0.7
0.7
0.7
0.69
0.69
0.68
0.68
0.67
0.67
0.67
0.66
0.66
0.66
0.66
0.66
0.65
0.65
0.65
0.65
0.65
0.64
0.64
0.63
0.63
0.63
0.62
0.62
0.62
0.62
0.61
0.61
0.61
0.61
0.61
0.6
0.6
0.6
0.6
0.59
0.59
0.59
0.59
0.59
0.59
0.59
0.58
0.58
0.58
0.58
0.57
0.57
0.57
0.56
0.55
0.55
0.55
0.55
0.54
0.54
0.54
0.54
0.54
0.54
0.54
0.54
0.54
0.53
0.53
0.53
0.53
0.53
0.53
0.52
0.52
0.52
0.51
0.51
0.51
0.5
0.5
0.5
0.5
0.5
0.5
0.49
0.49
0.49
0.49
0.48
0.47
0.47
0.47
0.47
0.47
0.46
0.46
0.46
0.46
0.45
0.45
0.45
0.45
0.45
0.44
0.44
0.44
0.44
0.44
0.43
0.43
0.43
0.43
0.43
0.43
0.42
0.42
0.42
0.42
0.42
0.42
0.42
0.41
0.41
0.41
0.41
0.41
0.41
0.41
0.41
0.41
0.41
0.41
0.41
0.4
0.4
0.4
0.4
0.39
0.39
0.39
0.39
0.39
0.39
0.39
0.39
0.39
0.39
0.38
0.38
0.38
0.38
0.38
0.38
0.38
0.37
0.37
0.37
0.37
0.37
0.36
0.36
0.36
0.36
0.36
0.36
0.35
0.35
0.34
0.34
0.34
0.34
0.34
0.34
0.34
0.33
0.33
0.33
0.33
0.33
0.33
0.33
0.33
0.32
0.32
0.32
0.32
0.32
0.32
0.32
0.32
0.32
0.31
0.31
0.31
0.31
0.31
0.31
0.31
0.31
0.31
0.31
0.3
0.3
0.3
0.3
0.29
0.29
0.29
0.29
0.29
0.29
0.29
0.29
0.29
0.29
0.29
0.29
0.29
0.29
0.29
0.29
0.28
0.28
0.28
0.28
0.28
0.28
0.28
0.28
0.28
0.28
0.27
0.27
0.27
0.27
0.27
0.27
0.27
0.27
0.27
0.27
0.27
0.27
0.27
0.27
0.27
0.27
0.27
0.27
0.26
0.26
0.26
0.26
0.26
0.26
0.26
0.26
0.26
0.26
0.26
0.26
0.25
0.25
0.25
0.25
0.25
0.25
0.25
0.25
0.25
0.25
0.25
0.24
0.24
0.24
0.24
0.24
0.24
0.24
0.24
0.24
0.24
0.24
0.23
0.23
0.23
0.23
0.23
0.23
0.23
0.23
0.23
0.23
0.23
0.23
0.23
0.23
0.22
0.22
0.22
0.22
0.22
0.22
0.22
0.22
0.22
0.22
0.22
0.21
0.21
0.21
0.21
0.21
0.21
0.21
0.21
0.21
0.21
0.21
0.21
0.21
0.21
0.21
0.21
0.2
0.2
0.2
0.2
0.2
0.2
0.2
0.2
0.2
0.2
0.2
0.2
0.2
0.19
0.19
0.19
0.19
0.19
0.19
0.19
0.19
0.19
0.19
0.19
0.19
0.19
0.19
0.19
0.19
0.19
0.19
0.19
0.19
0.19
0.19
0.19
0.19
0.19
0.19
0.19
0.18
0.18
0.18
0.18
0.18
0.18
0.18
0.18
0.18
0.18
0.18
0.18
0.18
0.18
0.18
0.18
0.18
0.18
0.18
0.18
0.18
0.18
0.18
0.18
0.17
0.17
0.17
0.17
0.17
0.17
0.17
0.17
0.17
0.17
0.17
0.17
0.17
0.17
0.17
0.17
0.17
0.17
0.17
0.17
0.17
0.17
0.16
0.16
0.16
0.16
0.16
0.16
0.16
0.16
0.16
0.16
0.16
0.16
0.16
0.16
0.16
0.16
0.16
0.16
0.16
0.15
0.15
0.15
0.15
0.15
0.15
0.15
0.15
0.15
0.15
0.15
0.15
0.15
0.15
0.15
0.15
0.15
0.15
0.15
0.15
0.15
0.15
0.15
0.15
0.14
0.14
0.14
0.14
0.14
0.14
0.14
0.14
0.14
0.14
0.14
0.14
0.14
0.14
0.14
0.14
0.14
0.14
0.14
0.14
0.14
0.14
0.13
0.13
0.13
0.13
0.13
0.13
0.13
0.13
0.13
0.13
0.13
0.13
0.13
0.13
0.13
0.13
0.13
0.13
0.13
0.13
0.13
0.13
0.13
0.13
0.13
0.13
0.13
0.13
0.13
0.13
0.13
0.13
0.13
0.12
0.12
0.12
0.12
0.12
0.12
0.12
0.12
0.12
0.12
0.12
0.12
0.12
0.12
0.12
0.12
0.12
0.12
0.12
0.12
0.12
0.12
0.12
0.12
0.12
0.12
0.12
0.12
0.12
0.12
0.12
0.12
0.11
0.11
0.11
0.11
0.11
0.11
0.11
0.11
0.11
0.11
0.11
0.11
0.11
0.11
0.11
0.11
0.11
0.11
0.11
0.11
0.11
0.11
0.11
0.11
0.11
0.11
0.11
0.11
0.11
0.11
0.11
0.11
0.11
0.1
0.1
0.1
0.1
0.1
0.1
0.1
0.1
0.1
0.1
0.1
0.1
0.1
0.1
0.1
0.1
0.1
0.1
0.1
0.1
0.1
0.1
0.1
0.1
0.1
0.1
0.1
0.1
0.1
0.1
0.09
0.09
0.09
0.09
0.09
0.09
0.09
0.09
0.09
0.09
0.09
0.09
0.09
0.09
0.09
0.09
0.09
0.09
0.09
0.09
0.09
0.09
0.09
0.09
0.09
0.09
0.09
0.09
0.09
0.09
0.09
0.09
0.09
0.09
0.09
0.09
0.08
0.08
0.08
0.08
0.08
0.08
0.08
0.08
0.08
0.08
0.08
0.08
0.08
0.08
0.08
0.08
0.08
0.08
0.08
0.08
0.08
0.08
0.08
0.08
0.08
0.08
0.08
0.08
0.08
0.08
0.08
0.08
0.08
0.08
0.07
0.07
0.07
0.07
0.07
0.07
0.07
0.07
0.07
0.07
0.07
0.07
0.07
0.07
0.07
0.07
0.07
0.07
0.07
0.07
0.07
0.07
0.07
0.07
0.07
0.07
0.07
0.07
0.07
0.07
0.07
0.07
0.07
0.07
0.07
0.07
0.07
0.07
0.07
0.06
0.06
0.06
0.06
0.06
0.06
0.06
0.06
0.06
0.06
0.06
0.06
0.06
0.06
0.06
0.06
0.06
0.06
0.06
0.06
0.06
0.06
0.06
0.06
0.06
0.06
0.06
0.06
0.06
0.06
0.06
0.06
0.06
0.06
0.06
0.06
0.06
0.06
0.06
0.06
0.06
0.06
0.05
0.05
0.05
0.05
0.05
0.05
0.05
0.05
0.05
0.05
0.05
0.05
0.05
0.05
0.05
0.05
0.05
0.05
0.05
0.05
0.05
0.05
0.05
0.05
0.05
0.05
0.05
0.05
0.05
0.05
0.05
0.05
0.05
0.05
0.05
0.05
0.05
0.05
0.05
0.05
0.05
0.05
0.05
0.05
0.05
0.05
0.05
0.05
0.05
0.05
0.05
0.05
0.05
0.04
0.04
0.04
0.04
0.04
0.04
0.04
0.04
0.04
0.04
0.04
0.04
0.04
0.04
0.04
0.04
0.04
0.04
0.04
0.04
0.04
0.04
0.04
0.04
0.04
0.04
0.04
0.04
0.04
0.04
0.04
0.04
0.04
0.04
0.04
0.04
0.04
0.04
0.04
0.04
0.04
0.04
0.04
0.04
0.04
0.04
0.03
0.03
0.03
0.03
0.03
0.03
0.03
0.03
0.03
0.03
0.03
0.03
0.03
0.03
0.03
0.03
0.03
0.03
0.03
0.03
0.03
0.03
0.03
0.03
0.03
0.03
0.03
0.03
0.03
0.03
0.03
0.03
0.03
0.03
0.03
0.03
0.03
0.03
0.03
0.03
0.03
0.03
0.03
0.03
0.03
0.03
0.03
0.03
0.03
0.03
0.03
0.03
0.03
0.03
0.03
0.03
0.03
0.03
0.03
0.03
0.03
0.03
0.03
0.03
0.03
0.03
0.03
0.03
0.03
0.03
0.03
0.03
0.03
0.02
0.02
0.02
0.02
0.02
0.02
0.02
0.02
0.02
0.02
0.02
0.02
0.02
0.02
0.02
0.02
0.02
0.02
0.02
0.02
0.02
0.02
0.02
0.02
0.02
0.02
0.02
0.02
0.02
0.02
0.02
0.02
0.02
0.02
0.02
0.02
0.02
0.02
0.02
0.02
0.02
0.02
0.02
0.02
0.02
0.02
0.02
0.02
0.02
0.02
0.02
0.02
0.02
0.02
0.02
0.02
0.02
0.02
0.02
0.02
0.02
0.02
0.02
0.02
0.02
0.02
0.02
0.02
0.02
0.02
0.02
0.02
0.02
0.02
0.02
0.02
0.02
0.02
0.02
0.02
0.02
0.02
0.02
0.02
0.02
0.02
0.02
0.02
0.02
0.02
0.02
0.02
0.02
0.02
0.02
0.02
0.02
0.02
0.02
0.02
0.02
0.02
0.02
0.02
0.02
0.02
0.02
0.02
0.02
0.02
0.02
0.02
0.01
0.01
0.01
0.01
0.01
0.01
0.01
0.01
0.01
0.01
0.01
0.01
0.01
0.01
0.01
0.01
0.01
0.01
0.01
0.01
0.01
0.01
0.01
0.01
0.01
0.01
0.01
0.01
0.01
0.01
0.01
0.01
0.01
0.01
0.01
0.01
0.01
0.01
0.01
0.01
0.01
0.01
0.01
14.73
13.32
12.66
10.81
10.12
8.79
7.32
7.17
6.74
6.65
6.41
6.21
5.48
4.73
4.57
4.33
4.22
4.19
4.18
3.95
3.88
3.85
3.72
3.39
3.17
2.96
2.84
2.81
2.79
2.78
2.78
2.77
2.76
2.7
2.69
2.63
2.62
2.47
2.4
2.37
2.35
2.34
2.27
2.25
2.19
2.11
2.1
2.08
2.04
2.02
2.02
2.01
1.82
1.79
1.76
1.72
1.7
1.65
1.6
1.58
1.55
1.54
1.53
1.53
1.51
1.51
1.51
1.48
1.48
1.45
1.45
1.45
1.43
1.42
1.38
1.37
1.37
1.36
1.34
1.34
1.31
1.31
1.29
1.27
1.23
1.22
1.21
1.2
1.17
1.16
1.16
1.14
1.14
1.13
1.12
1.12
1.11
1.11
1.1
1.1
1.09
1.07
1.06
1.03
1.03
1.02
1.02
1.02
1
0.99
0.99
0.99
0.97
0.96
0.95
0.95
0.95
0.94
0.94
0.93
0.92
0.92
0.91
0.9
0.9
0.89
0.89
0.89
0.88
0.88
0.87
0.83
0.83
0.83
0.83
0.82
0.81
0.79
0.78
0.78
0.78
0.77
0.77
0.76
0.76
0.76
0.76
0.75
0.74
0.74
0.74
0.73
0.73
0.73
0.72
0.72
0.7
0.7
0.7
0.7
0.69
0.69
0.67
0.67
0.66
0.66
0.65
0.64
0.63
0.63
0.62
0.62
0.62
0.62
0.62
0.61
0.61
0.61
0.61
0.6
0.6
0.59
0.58
0.58
0.58
0.58
0.57
0.57
0.57
0.57
0.57
0.56
0.56
0.55
0.55
0.55
0.55
0.54
0.54
0.54
0.54
0.53
0.53
0.53
0.53
0.52
0.52
0.52
0.52
0.51
0.5
0.5
0.5
0.5
0.49
0.49
0.49
0.49
0.49
0.49
0.49
0.48
0.48
0.48
0.47
0.47
0.47
0.46
0.46
0.46
0.45
0.45
0.45
0.45
0.45
0.45
0.45
0.44
0.44
0.44
0.44
0.44
0.43
0.43
0.43
0.42
0.42
0.42
0.42
0.41
0.41
0.41
0.41
0.41
0.4
0.4
0.4
0.4
0.39
0.39
0.39
0.39
0.39
0.39
0.39
0.39
0.39
0.39
0.38
0.38
0.38
0.38
0.38
0.37
0.37
0.37
0.37
0.37
0.37
0.36
0.36
0.35
0.35
0.35
0.34
0.34
0.34
0.34
0.34
0.34
0.34
0.34
0.34
0.33
0.33
0.33
0.33
0.33
0.33
0.33
0.32
0.32
0.32
0.32
0.32
0.32
0.32
0.32
0.32
0.32
0.32
0.32
0.32
0.32
0.32
0.32
0.31
0.31
0.31
0.31
0.31
0.31
0.31
0.31
0.3
0.3
0.3
0.3
0.3
0.3
0.3
0.3
0.29
0.29
0.29
0.29
0.29
0.29
0.28
0.28
0.28
0.28
0.28
0.28
0.28
0.28
0.28
0.27
0.27
0.27
0.27
0.27
0.27
0.27
0.27
0.27
0.27
0.27
0.27
0.26
0.26
0.26
0.26
0.26
0.26
0.25
0.25
0.25
0.25
0.25
0.25
0.25
0.25
0.25
0.24
0.24
0.24
0.24
0.24
0.24
0.24
0.24
0.24
0.24
0.24
0.24
0.24
0.24
0.24
0.24
0.23
0.23
0.23
0.23
0.23
0.23
0.23
0.23
0.23
0.23
0.23
0.23
0.22
0.22
0.22
0.22
0.22
0.22
0.22
0.22
0.22
0.22
0.22
0.22
0.21
0.21
0.21
0.21
0.21
0.21
0.21
0.21
0.21
0.21
0.21
0.21
0.21
0.21
0.21
0.2
0.2
0.2
0.2
0.2
0.2
0.2
0.2
0.2
0.2
0.2
0.2
0.2
0.2
0.19
0.19
0.19
0.19
0.19
0.19
0.19
0.19
0.19
0.19
0.19
0.19
0.19
0.19
0.19
0.19
0.19
0.19
0.19
0.19
0.19
0.19
0.19
0.19
0.18
0.18
0.18
0.18
0.18
0.18
0.18
0.18
0.18
0.18
0.18
0.18
0.18
0.18
0.18
0.18
0.18
0.18
0.18
0.17
0.17
0.17
0.17
0.17
0.17
0.17
0.17
0.17
0.17
0.17
0.17
0.17
0.17
0.17
0.17
0.16
0.16
0.16
0.16
0.16
0.16
0.16
0.16
0.16
0.16
0.16
0.16
0.16
0.16
0.16
0.16
0.16
0.16
0.16
0.15
0.15
0.15
0.15
0.15
0.15
0.15
0.15
0.15
0.15
0.15
0.15
0.15
0.15
0.15
0.15
0.15
0.15
0.15
0.15
0.15
0.15
0.15
0.14
0.14
0.14
0.14
0.14
0.14
0.14
0.14
0.14
0.14
0.14
0.14
0.14
0.14
0.14
0.14
0.14
0.14
0.14
0.14
0.14
0.14
0.14
0.14
0.13
0.13
0.13
0.13
0.13
0.13
0.13
0.13
0.13
0.13
0.13
0.13
0.13
0.13
0.13
0.13
0.13
0.13
0.13
0.13
0.13
0.13
0.13
0.13
0.13
0.13
0.13
0.13
0.13
0.13
0.13
0.13
0.12
0.12
0.12
0.12
0.12
0.12
0.12
0.12
0.12
0.12
0.12
0.12
0.12
0.12
0.12
0.12
0.12
0.12
0.12
0.12
0.12
0.12
0.12
0.12
0.12
0.12
0.12
0.12
0.12
0.12
0.12
0.12
0.12
0.12
0.12
0.11
0.11
0.11
0.11
0.11
0.11
0.11
0.11
0.11
0.11
0.11
0.11
0.11
0.11
0.11
0.11
0.11
0.11
0.11
0.11
0.11
0.11
0.11
0.11
0.11
0.11
0.11
0.11
0.11
0.11
0.11
0.11
0.11
0.11
0.11
0.11
0.11
0.1
0.1
0.1
0.1
0.1
0.1
0.1
0.1
0.1
0.1
0.1
0.1
0.1
0.1
0.1
0.1
0.1
0.1
0.1
0.1
0.1
0.1
0.1
0.1
0.1
0.1
0.1
0.1
0.1
0.1
0.1
0.1
0.1
0.1
0.1
0.1
0.09
0.09
0.09
0.09
0.09
0.09
0.09
0.09
0.09
0.09
0.09
0.09
0.09
0.09
0.09
0.09
0.09
0.09
0.09
0.09
0.09
0.09
0.09
0.09
0.09
0.09
0.09
0.09
0.09
0.09
0.09
0.09
0.09
0.09
0.09
0.09
0.09
0.09
0.09
0.09
0.08
0.08
0.08
0.08
0.08
0.08
0.08
0.08
0.08
0.08
0.08
0.08
0.08
0.08
0.08
0.08
0.08
0.08
0.08
0.08
0.08
0.08
0.08
0.08
0.08
0.08
0.08
0.08
0.08
0.08
0.08
0.08
0.08
0.08
0.08
0.08
0.08
0.08
0.08
0.08
0.08
0.08
0.08
0.08
0.08
0.07
0.07
0.07
0.07
0.07
0.07
0.07
0.07
0.07
0.07
0.07
0.07
0.07
0.07
0.07
0.07
0.07
0.07
0.07
0.07
0.07
0.07
0.07
0.07
0.07
0.07
0.07
0.07
0.07
0.07
0.07
0.07
0.06
0.06
0.06
0.06
0.06
0.06
0.06
0.06
0.06
0.06
0.06
0.06
0.06
0.06
0.06
0.06
0.06
0.06
0.06
0.06
0.06
0.06
0.06
0.06
0.06
0.06
0.06
0.06
0.06
0.06
0.06
0.06
0.06
0.06
0.06
0.06
0.06
0.06
0.06
0.06
0.06
0.06
0.06
0.05
0.05
0.05
0.05
0.05
0.05
0.05
0.05
0.05
0.05
0.05
0.05
0.05
0.05
0.05
0.05
0.05
0.05
0.05
0.05
0.05
0.05
0.05
0.05
0.05
0.05
0.05
0.05
0.05
0.05
0.05
0.05
0.05
0.05
0.05
0.05
0.05
0.05
0.05
0.05
0.05
0.05
0.05
0.05
0.05
0.04
0.04
0.04
0.04
0.04
0.04
0.04
0.04
0.04
0.04
0.04
0.04
0.04
0.04
0.04
0.04
0.04
0.04
0.04
0.04
0.04
0.04
0.04
0.04
0.04
0.04
0.04
0.04
0.04
0.04
0.04
0.04
0.04
0.04
0.04
0.04
0.04
0.04
0.04
0.04
0.04
0.04
0.04
0.04
0.03
0.03
0.03
0.03
0.03
0.03
0.03
0.03
0.03
0.03
0.03
0.03
0.03
0.03
0.03
0.03
0.03
0.03
0.03
0.03
0.03
0.03
0.03
0.03
0.03
0.03
0.03
0.03
0.03
0.03
0.03
0.03
0.03
0.03
0.03
0.03
0.03
0.03
0.03
0.03
0.03
0.03
0.03
0.03
0.03
0.03
0.03
0.03
0.03
0.03
0.03
0.03
0.03
0.03
0.03
0.03
0.03
0.03
0.03
0.03
0.02
0.02
0.02
0.02
0.02
0.02
0.02
0.02
0.02
0.02
0.02
0.02
0.02
0.02
0.02
0.02
0.02
0.02
0.02
0.02
0.02
0.02
0.02
0.02
0.02
0.02
0.02
0.02
0.02
0.02
0.02
0.02
0.02
0.02
0.02
0.02
0.02
0.02
0.02
0.02
0.02
0.02
0.02
0.02
0.02
0.02
0.02
0.02
0.02
0.02
0.02
0.02
0.02
0.02
0.02
0.02
0.02
0.02
0.02
0.02
0.02
0.02
0.02
0.02
0.02
0.02
0.02
0.02
0.02
0.02
0.02
0.02
0.02
0.02
0.02
0.02
0.02
0.02
0.02
0.02
0.02
0.02
0.02
0.02
0.02
0.01
0.01
0.01
0.01
0.01
0.01
0.01
0.01
0.01
0.01
0.01
0.01
0.01
0.01
0.01
0.01
0.01
0.01
0.01
0.01
0.01
0.01
0.01
0.01
0.01
0.01
0.01
0.01
0.01
0.01
0.01
0.01
0.01
0.01
13.79
13.67
9.9
9.71
9.16
8.16
8.07
6.76
6.45
5.29
5.22
5.16
5.14
4.42
3.35
3.13
3.1
3.05
3.04
3
3
2.86
2.81
2.56
2.52
2.47
2.31
2.3
2.23
2.14
2.01
1.96
1.95
1.85
1.82
1.74
1.74
1.73
1.71
1.66
1.62
1.58
1.56
1.53
1.53
1.53
1.47
1.47
1.42
1.41
1.38
1.38
1.35
1.32
1.3
1.27
1.27
1.27
1.25
1.23
1.23
1.19
1.18
1.18
1.18
1.17
1.15
1.15
1.13
1.12
1.09
1.06
1.05
1.04
1.03
1.03
1.02
1.01
1.01
0.99
0.97
0.96
0.96
0.96
0.96
0.96
0.95
0.95
0.95
0.95
0.93
0.93
0.92
0.91
0.91
0.9
0.9
0.89
0.89
0.89
0.88
0.87
0.87
0.87
0.85
0.85
0.84
0.84
0.84
0.83
0.82
0.82
0.81
0.81
0.8
0.79
0.79
0.79
0.79
0.77
0.76
0.75
0.75
0.74
0.73
0.73
0.73
0.73
0.73
0.72
0.71
0.7
0.69
0.69
0.69
0.67
0.67
0.67
0.66
0.66
0.66
0.65
0.64
0.64
0.63
0.63
0.62
0.62
0.61
0.59
0.58
0.58
0.58
0.58
0.58
0.57
0.57
0.57
0.56
0.54
0.54
0.54
0.51
0.51
0.51
0.51
0.5
0.5
0.5
0.5
0.49
0.49
0.49
0.48
0.47
0.47
0.47
0.47
0.47
0.46
0.46
0.45
0.44
0.44
0.44
0.43
0.43
0.43
0.43
0.43
0.42
0.42
0.42
0.41
0.41
0.4
0.4
0.4
0.4
0.4
0.39
0.39
0.39
0.39
0.39
0.39
0.39
0.38
0.38
0.38
0.37
0.37
0.37
0.36
0.36
0.36
0.35
0.35
0.35
0.34
0.34
0.33
0.33
0.33
0.32
0.32
0.32
0.32
0.32
0.32
0.31
0.31
0.31
0.3
0.3
0.3
0.3
0.29
0.29
0.29
0.29
0.29
0.29
0.29
0.28
0.28
0.28
0.28
0.28
0.27
0.27
0.27
0.27
0.27
0.27
0.27
0.26
0.26
0.26
0.26
0.25
0.25
0.25
0.24
0.24
0.24
0.24
0.24
0.23
0.23
0.23
0.23
0.23
0.23
0.23
0.23
0.23
0.23
0.23
0.22
0.22
0.22
0.22
0.22
0.22
0.21
0.21
0.21
0.21
0.21
0.21
0.21
0.2
0.2
0.2
0.2
0.2
0.2
0.2
0.2
0.2
0.2
0.2
0.2
0.2
0.19
0.19
0.19
0.19
0.19
0.19
0.19
0.19
0.19
0.19
0.19
0.18
0.18
0.18
0.18
0.18
0.18
0.18
0.18
0.18
0.17
0.17
0.17
0.17
0.17
0.17
0.17
0.17
0.16
0.16
0.16
0.16
0.16
0.16
0.15
0.15
0.15
0.15
0.15
0.15
0.15
0.15
0.15
0.15
0.15
0.15
0.14
0.14
0.14
0.14
0.14
0.14
0.14
0.14
0.14
0.13
0.13
0.13
0.13
0.13
0.13
0.13
0.13
0.13
0.13
0.13
0.13
0.12
0.12
0.12
0.12
0.12
0.12
0.12
0.12
0.12
0.12
0.11
0.11
0.11
0.11
0.11
0.11
0.11
0.11
0.11
0.11
0.11
0.11
0.11
0.1
0.1
0.1
0.1
0.1
0.1
0.1
0.1
0.1
0.1
0.1
0.1
0.1
0.09
0.09
0.09
0.09
0.09
0.09
0.09
0.09
0.09
0.09
0.09
0.09
0.08
0.08
0.08
0.08
0.08
0.08
0.08
0.08
0.08
0.08
0.08
0.08
0.08
0.07
0.07
0.07
0.07
0.07
0.07
0.07
0.07
0.07
0.07
0.07
0.07
0.07
0.07
0.07
0.07
0.07
0.07
0.06
0.06
0.06
0.06
0.06
0.06
0.06
0.06
0.06
0.06
0.06
0.06
0.06
0.06
0.06
0.06
0.06
0.06
0.06
0.06
0.06
0.05
0.05
0.05
0.05
0.05
0.05
0.05
0.05
0.05
0.05
0.05
0.05
0.05
0.05
0.05
0.05
0.05
0.04
0.04
0.04
0.04
0.04
0.04
0.04
0.04
0.04
0.04
0.04
0.04
0.04
0.04
0.04
0.04
0.04
0.04
0.04
0.04
0.04
0.04
0.04
0.04
0.04
0.04
0.04
0.04
0.04
0.04
0.04
0.03
0.03
0.03
0.03
0.03
0.03
0.03
0.03
0.03
0.03
0.03
0.03
0.03
0.03
0.03
0.03
0.03
0.03
0.03
0.03
0.03
0.03
0.03
0.03
0.03
0.03
0.03
0.03
0.03
0.03
0.03
0.03
0.03
0.03
0.03
0.03
0.03
0.03
0.03
0.02
0.02
0.02
0.02
0.02
0.02
0.02
0.02
0.02
0.02
0.02
0.02
0.02
0.02
0.02
0.02
0.02
0.02
0.02
0.02
0.02
0.02
0.02
0.02
0.02
0.02
0.02
0.02
0.02
0.02
0.02
0.02
0.02
0.02
0.02
0.02
0.02
0.02
0.02
0.02
0.02
0.02
0.02
0.02
0.02
0.02
0.02
0.02
0.02
0.02
0.02
0.02
0.02
0.02
0.02
0.02
0.02
0.02
0.01
0.01
0.01
0.01
0.01
0.01
0.01
0.01
0.01
0.01
0.01
0.01
0.01
0.01
0.01
0.01
0.01
0.01
0.01
0.01
0.01
0.01
0.01
0.01
0.01
0.01
0.01
0.01
0.01
0.01
0.01
0.01
0.01
0.01
0.01
0.01
21.04
16.27
14.6
10.25
9.36
9.18
6.47
5.87
5.23
4.59
4.32
4.22
3.83
3.71
3.59
3.59
3.49
3.48
3.44
3.3
3.23
3.1
3.01
2.92
2.85
2.69
2.52
2.42
2.29
2.25
2.24
2.23
2.23
2.22
2.2
2.15
2.11
2.09
2.08
2.02
1.98
1.93
1.92
1.91
1.89
1.89
1.88
1.87
1.84
1.79
1.75
1.74
1.73
1.69
1.67
1.66
1.63
1.62
1.6
1.57
1.57
1.51
1.47
1.46
1.45
1.44
1.42
1.42
1.41
1.38
1.38
1.35
1.32
1.27
1.27
1.25
1.18
1.16
1.14
1.11
1.11
1.1
1.09
1.08
1.07
1.06
1.02
0.99
0.98
0.98
0.98
0.97
0.96
0.95
0.94
0.94
0.93
0.92
0.91
0.91
0.9
0.9
0.9
0.87
0.85
0.84
0.81
0.8
0.8
0.79
0.79
0.78
0.78
0.77
0.75
0.74
0.74
0.74
0.72
0.7
0.69
0.67
0.66
0.66
0.66
0.65
0.65
0.64
0.64
0.63
0.63
0.61
0.6
0.6
0.6
0.6
0.6
0.6
0.58
0.58
0.58
0.58
0.57
0.57
0.54
0.54
0.54
0.54
0.53
0.52
0.52
0.51
0.51
0.51
0.51
0.49
0.48
0.48
0.45
0.45
0.45
0.44
0.43
0.43
0.43
0.43
0.42
0.42
0.42
0.41
0.41
0.41
0.41
0.4
0.4
0.4
0.39
0.39
0.39
0.38
0.38
0.38
0.38
0.38
0.38
0.37
0.37
0.36
0.35
0.35
0.35
0.35
0.35
0.35
0.35
0.34
0.34
0.34
0.33
0.33
0.32
0.32
0.31
0.31
0.31
0.31
0.3
0.3
0.29
0.29
0.29
0.29
0.29
0.28
0.28
0.28
0.27
0.27
0.27
0.27
0.26
0.26
0.26
0.26
0.26
0.26
0.26
0.26
0.26
0.25
0.25
0.25
0.24
0.24
0.24
0.24
0.24
0.24
0.24
0.23
0.23
0.23
0.23
0.22
0.22
0.22
0.22
0.21
0.21
0.21
0.21
0.21
0.21
0.21
0.21
0.21
0.2
0.2
0.2
0.2
0.2
0.2
0.2
0.19
0.19
0.19
0.19
0.19
0.19
0.19
0.19
0.19
0.19
0.19
0.19
0.19
0.18
0.18
0.18
0.18
0.18
0.18
0.18
0.17
0.17
0.17
0.17
0.17
0.17
0.16
0.16
0.16
0.16
0.16
0.16
0.15
0.15
0.15
0.15
0.15
0.15
0.15
0.15
0.14
0.14
0.14
0.13
0.13
0.13
0.13
0.13
0.13
0.13
0.13
0.12
0.12
0.12
0.12
0.12
0.12
0.12
0.12
0.12
0.12
0.12
0.12
0.12
0.11
0.11
0.11
0.11
0.11
0.11
0.11
0.1
0.1
0.1
0.1
0.1
0.1
0.1
0.1
0.1
0.1
0.1
0.1
0.09
0.09
0.09
0.09
0.09
0.09
0.09
0.09
0.09
0.09
0.09
0.09
0.09
0.08
0.08
0.08
0.08
0.08
0.08
0.08
0.08
0.08
0.08
0.08
0.08
0.08
0.08
0.08
0.08
0.08
0.07
0.07
0.07
0.07
0.07
0.07
0.07
0.07
0.07
0.07
0.07
0.07
0.07
0.07
0.07
0.07
0.07
0.06
0.06
0.06
0.06
0.06
0.06
0.06
0.06
0.06
0.06
0.06
0.06
0.06
0.06
0.05
0.05
0.05
0.05
0.05
0.05
0.05
0.05
0.05
0.05
0.05
0.05
0.05
0.05
0.05
0.05
0.05
0.04
0.04
0.04
0.04
0.04
0.04
0.04
0.04
0.04
0.04
0.04
0.04
0.04
0.04
0.04
0.04
0.04
0.03
0.03
0.03
0.03
0.03
0.03
0.03
0.03
0.03
0.03
0.03
0.03
0.03
0.03
0.03
0.03
0.03
0.03
0.03
0.03
0.03
0.03
0.03
0.03
0.03
0.03
0.03
0.03
0.03
0.03
0.03
0.03
0.03
0.03
0.02
0.02
0.02
0.02
0.02
0.02
0.02
0.02
0.02
0.02
0.02
0.02
0.02
0.02
0.02
0.02
0.02
0.02
0.02
0.02
0.02
0.02
0.02
0.02
0.02
0.02
0.02
0.02
0.02
0.02
0.02
0.02
0.02
0.02
0.02
0.02
0.02
0.02
0.02
0.02
0.02
0.01
0.01
0.01
0.01
0.01
0.01
0.01
0.01
0.01
0.01
0.01
0.01
0.01
0.01
0.01
0.01
0.01
0.01
0.01
0.01
0.01
0.01
0.01
0.01
0.01
0.01
0.01
0.01
12.61
11.68
7.66
7.55
7.09
6.08
5.64
5.48
5.27
5.26
4.87
4.71
4.36
4.32
4.29
4.28
4.05
4.04
3.96
3.89
3.5
3.37
3.28
3.23
3.05
2.96
2.95
2.92
2.79
2.76
2.68
2.45
2.19
2.18
2.07
2.05
2.01
2.01
1.96
1.92
1.91
1.83
1.82
1.79
1.74
1.72
1.72
1.63
1.63
1.62
1.57
1.57
1.55
1.52
1.45
1.4
1.4
1.38
1.36
1.35
1.34
1.29
1.29
1.27
1.27
1.27
1.25
1.23
1.23
1.2
1.19
1.15
1.14
1.13
1.08
1.08
1.05
1.01
1.01
0.95
0.95
0.93
0.93
0.93
0.92
0.92
0.9
0.9
0.9
0.89
0.84
0.82
0.79
0.78
0.78
0.76
0.75
0.75
0.74
0.74
0.73
0.73
0.72
0.72
0.72
0.7
0.69
0.69
0.68
0.68
0.67
0.67
0.66
0.66
0.66
0.66
0.65
0.65
0.64
0.64
0.64
0.64
0.63
0.63
0.63
0.62
0.61
0.61
0.61
0.61
0.6
0.6
0.6
0.6
0.6
0.59
0.59
0.58
0.57
0.56
0.56
0.56
0.55
0.55
0.54
0.53
0.53
0.53
0.52
0.51
0.49
0.49
0.48
0.47
0.47
0.46
0.46
0.46
0.46
0.46
0.45
0.45
0.45
0.45
0.45
0.45
0.45
0.44
0.44
0.44
0.44
0.43
0.43
0.43
0.43
0.42
0.42
0.42
0.41
0.41
0.41
0.41
0.39
0.38
0.38
0.38
0.37
0.37
0.36
0.36
0.36
0.35
0.35
0.35
0.34
0.33
0.32
0.32
0.32
0.31
0.31
0.31
0.31
0.31
0.3
0.3
0.3
0.3
0.29
0.29
0.29
0.29
0.28
0.28
0.28
0.28
0.28
0.28
0.28
0.27
0.27
0.27
0.27
0.27
0.26
0.26
0.26
0.25
0.25
0.25
0.25
0.25
0.24
0.24
0.24
0.24
0.23
0.23
0.23
0.23
0.23
0.22
0.22
0.22
0.22
0.22
0.22
0.22
0.21
0.21
0.21
0.21
0.21
0.2
0.2
0.2
0.2
0.19
0.19
0.19
0.19
0.19
0.19
0.19
0.19
0.19
0.19
0.18
0.18
0.18
0.18
0.18
0.18
0.18
0.17
0.17
0.17
0.17
0.17
0.17
0.17
0.17
0.16
0.16
0.16
0.16
0.16
0.16
0.16
0.16
0.16
0.15
0.15
0.15
0.15
0.15
0.15
0.15
0.15
0.14
0.14
0.14
0.14
0.14
0.14
0.14
0.14
0.14
0.14
0.14
0.14
0.13
0.13
0.13
0.13
0.13
0.13
0.13
0.13
0.13
0.12
0.12
0.12
0.12
0.12
0.12
0.12
0.11
0.11
0.11
0.11
0.11
0.11
0.11
0.11
0.11
0.11
0.11
0.11
0.11
0.11
0.1
0.1
0.1
0.1
0.1
0.1
0.1
0.1
0.1
0.1
0.1
0.1
0.1
0.1
0.1
0.1
0.1
0.1
0.09
0.09
0.09
0.09
0.09
0.09
0.09
0.09
0.09
0.09
0.09
0.09
0.09
0.09
0.08
0.08
0.08
0.08
0.08
0.08
0.08
0.08
0.08
0.08
0.08
0.08
0.08
0.07
0.07
0.07
0.07
0.07
0.07
0.07
0.07
0.07
0.07
0.07
0.07
0.07
0.07
0.07
0.07
0.07
0.07
0.07
0.07
0.07
0.07
0.07
0.07
0.07
0.07
0.07
0.06
0.06
0.06
0.06
0.06
0.06
0.06
0.06
0.06
0.06
0.06
0.06
0.06
0.06
0.06
0.06
0.06
0.06
0.06
0.06
0.06
0.06
0.06
0.06
0.06
0.06
0.06
0.05
0.05
0.05
0.05
0.05
0.05
0.05
0.05
0.05
0.05
0.05
0.05
0.05
0.05
0.05
0.05
0.05
0.05
0.05
0.04
0.04
0.04
0.04
0.04
0.04
0.04
0.04
0.04
0.04
0.04
0.04
0.04
0.04
0.04
0.04
0.04
0.04
0.03
0.03
0.03
0.03
0.03
0.03
0.03
0.03
0.03
0.03
0.03
0.03
0.03
0.03
0.03
0.03
0.03
0.03
0.03
0.03
0.03
0.03
0.03
0.03
0.03
0.03
0.03
0.03
0.03
0.03
0.02
0.02
0.02
0.02
0.02
0.02
0.02
0.02
0.02
0.02
0.02
0.02
0.02
0.02
0.02
0.02
0.02
0.02
0.02
0.02
0.02
0.02
0.02
0.02
0.02
0.02
0.02
0.02
0.02
0.02
0.02
0.02
0.02
0.02
0.01
0.01
0.01
0.01
0.01
0.01
0.01
0.01
0.01
0.01
0.01
0.01
0.01
0.01
0.01
0.01
0.01
0.01
0.01
0.01
0.01
0.01
0.01
0.01
0.01
0.01
0.01
0.01
0.01
0.01
0.01
0.01
0.01
0.01
0.01
0.01
0.01
0.01
0.01
0.01
14.63
8.57
7.98
7.39
7.16
4.62
4.48
4.43
4.22
3.97
3.95
3.88
3.66
3.41
3.39
3.32
3.28
3.25
3.24
3.21
3.05
2.78
2.71
2.48
2.43
2.42
2.34
2.34
2.29
2.21
2.1
2.09
1.93
1.86
1.8
1.75
1.74
1.71
1.69
1.68
1.66
1.58
1.57
1.49
1.38
1.38
1.34
1.31
1.3
1.3
1.29
1.29
1.28
1.25
1.21
1.21
1.19
1.17
1.17
1.12
1.11
1.09
0.98
0.97
0.96
0.95
0.94
0.92
0.9
0.9
0.88
0.88
0.87
0.87
0.86
0.86
0.85
0.84
0.79
0.79
0.78
0.76
0.75
0.75
0.74
0.74
0.74
0.74
0.73
0.72
0.72
0.69
0.69
0.69
0.66
0.65
0.65
0.64
0.64
0.63
0.62
0.6
0.59
0.57
0.56
0.56
0.56
0.55
0.55
0.55
0.55
0.53
0.53
0.53
0.52
0.52
0.52
0.51
0.49
0.49
0.48
0.48
0.48
0.48
0.48
0.47
0.46
0.46
0.45
0.44
0.43
0.43
0.43
0.42
0.41
0.41
0.41
0.41
0.4
0.4
0.39
0.39
0.39
0.39
0.38
0.37
0.37
0.37
0.36
0.36
0.35
0.35
0.35
0.35
0.34
0.34
0.34
0.33
0.32
0.32
0.32
0.32
0.32
0.32
0.31
0.31
0.31
0.29
0.29
0.29
0.28
0.28
0.28
0.27
0.27
0.26
0.26
0.26
0.26
0.25
0.25
0.25
0.25
0.25
0.25
0.25
0.25
0.24
0.24
0.24
0.24
0.24
0.24
0.23
0.23
0.23
0.23
0.23
0.22
0.22
0.22
0.22
0.21
0.21
0.21
0.21
0.21
0.2
0.2
0.2
0.2
0.2
0.19
0.19
0.19
0.19
0.19
0.19
0.18
0.18
0.18
0.18
0.18
0.18
0.18
0.17
0.17
0.17
0.17
0.17
0.17
0.17
0.17
0.17
0.17
0.16
0.15
0.15
0.15
0.15
0.15
0.15
0.15
0.15
0.14
0.14
0.14
0.14
0.14
0.14
0.14
0.14
0.14
0.14
0.13
0.13
0.13
0.13
0.13
0.13
0.13
0.13
0.12
0.12
0.12
0.12
0.12
0.12
0.12
0.12
0.12
0.11
0.11
0.11
0.11
0.11
0.11
0.11
0.11
0.11
0.11
0.11
0.11
0.11
0.1
0.1
0.1
0.1
0.1
0.1
0.1
0.1
0.1
0.1
0.1
0.1
0.1
0.09
0.09
0.09
0.09
0.09
0.09
0.09
0.09
0.09
0.09
0.09
0.09
0.09
0.09
0.09
0.09
0.09
0.09
0.08
0.08
0.08
0.08
0.08
0.08
0.08
0.08
0.08
0.08
0.08
0.08
0.08
0.08
0.08
0.08
0.07
0.07
0.07
0.07
0.07
0.07
0.07
0.07
0.07
0.07
0.07
0.07
0.07
0.07
0.07
0.07
0.07
0.07
0.07
0.06
0.06
0.06
0.06
0.06
0.06
0.06
0.06
0.06
0.06
0.06
0.06
0.06
0.06
0.06
0.06
0.06
0.06
0.06
0.06
0.06
0.06
0.06
0.06
0.06
0.05
0.05
0.05
0.05
0.05
0.05
0.05
0.05
0.05
0.05
0.05
0.05
0.05
0.05
0.05
0.05
0.05
0.05
0.05
0.05
0.05
0.05
0.05
0.05
0.05
0.05
0.05
0.05
0.05
0.05
0.05
0.05
0.04
0.04
0.04
0.04
0.04
0.04
0.04
0.04
0.04
0.04
0.04
0.04
0.04
0.04
0.04
0.04
0.04
0.04
0.04
0.04
0.04
0.04
0.04
0.04
0.04
0.04
0.04
0.04
0.04
0.04
0.04
0.04
0.04
0.04
0.03
0.03
0.03
0.03
0.03
0.03
0.03
0.03
0.03
0.03
0.03
0.03
0.03
0.03
0.03
0.03
0.03
0.03
0.03
0.03
0.03
0.03
0.03
0.03
0.03
0.03
0.03
0.03
0.03
0.03
0.03
0.03
0.03
0.03
0.03
0.03
0.03
0.03
0.03
0.03
0.03
0.03
0.03
0.03
0.03
0.03
0.03
0.03
0.03
0.03
0.03
0.03
0.03
0.03
0.03
0.03
0.03
0.03
0.02
0.02
0.02
0.02
0.02
0.02
0.02
0.02
0.02
0.02
0.02
0.02
0.02
0.02
0.02
0.02
0.02
0.02
0.02
0.02
0.02
0.02
0.02
0.02
0.02
0.02
0.02
0.02
0.02
0.02
0.02
0.02
0.02
0.02
0.02
0.02
0.02
0.02
0.02
0.02
0.02
0.02
0.02
0.02
0.02
0.02
0.02
0.02
0.02
0.02
0.02
0.02
0.02
0.02
0.02
0.02
0.02
0.02
0.02
0.02
0.02
0.02
0.02
0.02
0.02
0.02
0.02
0.02
0.01
0.01
0.01
0.01
0.01
0.01
0.01
0.01
0.01
0.01
0.01
0.01
0.01
0.01
0.01
0.01
0.01
0.01
0.01
0.01
0.01
0.01
0.01
0.01
0.01
0.01
0.01
0.01
0.01
0.01
0.01
0.01
0.01
0.01
0.01
0.01
0.01
0.01
0.01
7.59
7.14
5.38
4.46
4.08
3.8
2.65
2.42
2.26
2.25
2.16
2.14
1.88
1.81
1.75
1.7
1.65
1.54
1.49
1.35
1.33
1.33
1.23
1.14
1.13
1.08
1.06
1.03
1.02
1.01
0.94
0.93
0.93
0.9
0.89
0.88
0.76
0.75
0.74
0.73
0.73
0.71
0.7
0.68
0.65
0.64
0.63
0.62
0.6
0.57
0.56
0.56
0.53
0.53
0.49
0.48
0.45
0.43
0.42
0.41
0.41
0.41
0.4
0.4
0.39
0.39
0.39
0.38
0.38
0.38
0.37
0.37
0.37
0.37
0.37
0.36
0.36
0.35
0.35
0.35
0.35
0.35
0.34
0.33
0.33
0.33
0.32
0.32
0.3
0.3
0.3
0.3
0.3
0.29
0.28
0.28
0.28
0.27
0.27
0.26
0.26
0.26
0.25
0.25
0.24
0.24
0.24
0.24
0.23
0.23
0.23
0.22
0.22
0.21
0.21
0.21
0.21
0.2
0.2
0.2
0.2
0.2
0.2
0.19
0.19
0.19
0.19
0.19
0.19
0.18
0.18
0.18
0.17
0.17
0.17
0.16
0.16
0.16
0.16
0.16
0.15
0.15
0.15
0.15
0.15
0.15
0.14
0.14
0.14
0.14
0.14
0.14
0.14
0.14
0.13
0.13
0.13
0.13
0.13
0.13
0.12
0.12
0.12
0.12
0.12
0.12
0.12
0.12
0.12
0.12
0.12
0.12
0.12
0.12
0.12
0.12
0.12
0.12
0.12
0.12
0.11
0.11
0.11
0.11
0.11
0.11
0.11
0.11
0.11
0.1
0.1
0.1
0.1
0.1
0.1
0.1
0.1
0.1
0.09
0.09
0.09
0.09
0.09
0.09
0.09
0.09
0.09
0.09
0.09
0.09
0.09
0.09
0.08
0.08
0.08
0.08
0.08
0.08
0.08
0.08
0.08
0.08
0.08
0.08
0.08
0.08
0.08
0.08
0.07
0.07
0.07
0.07
0.06
0.06
0.06
0.06
0.06
0.06
0.06
0.06
0.06
0.06
0.06
0.06
0.06
0.06
0.06
0.06
0.06
0.06
0.06
0.06
0.06
0.06
0.06
0.06
0.06
0.05
0.05
0.05
0.05
0.05
0.05
0.05
0.05
0.05
0.05
0.05
0.05
0.05
0.05
0.05
0.05
0.05
0.05
0.05
0.05
0.05
0.05
0.05
0.05
0.05
0.05
0.05
0.05
0.04
0.04
0.04
0.04
0.04
0.04
0.04
0.04
0.04
0.04
0.04
0.04
0.04
0.04
0.04
0.04
0.04
0.04
0.04
0.04
0.04
0.04
0.04
0.04
0.04
0.04
0.04
0.04
0.04
0.04
0.03
0.03
0.03
0.03
0.03
0.03
0.03
0.03
0.03
0.03
0.03
0.03
0.03
0.03
0.03
0.03
0.03
0.03
0.03
0.03
0.03
0.03
0.03
0.03
0.03
0.03
0.03
0.03
0.03
0.03
0.03
0.03
0.03
0.03
0.03
0.03
0.03
0.03
0.03
0.03
0.03
0.03
0.03
0.03
0.03
0.03
0.03
0.03
0.03
0.03
0.03
0.03
0.03
0.03
0.02
0.02
0.02
0.02
0.02
0.02
0.02
0.02
0.02
0.02
0.02
0.02
0.02
0.02
0.02
0.02
0.02
0.02
0.02
0.02
0.02
0.02
0.02
0.02
0.02
0.02
0.02
0.02
0.02
0.02
0.02
0.02
0.02
0.02
0.02
0.02
0.02
0.02
0.02
0.02
0.02
0.02
0.02
0.02
0.02
0.02
0.02
0.02
0.02
0.02
0.02
0.02
0.02
0.02
0.02
0.02
0.02
0.02
0.02
0.02
0.02
0.02
0.02
0.02
0.02
0.01
0.01
0.01
0.01
0.01
0.01
0.01
0.01
0.01
0.01
0.01
0.01
0.01
0.01
0.01
0.01
0.01
0.01
0.01
0.01
0.01
0.01
0.01
0.01
0.01
0.01
0.01
0.01
0.01
0.01
0.01
0.01
0.01
0.01
0.01
0.01
0.01
0.01
0.01
0.01
0.01
0.01
0.01
0.01
0.01
0.01
0.01
0.01
0.01
0.01
0.01
0.01
0.01
0.01
0.01
0.01
0.01
0.01
0.01
0.01
0.01
0.01
0.01
0.01
0.01
0.01
0.01
0.01
0.04
0.01
0.01
0.29
5.23
3.49
3.06
3
2.53
2.47
2.39
2.34
2.24
2.08
1.63
1.62
1.46
1.3
1.28
1.25
1.24
1.22
1.19
1.11
1.04
1.03
0.98
0.98
0.97
0.95
0.95
0.91
0.91
0.88
0.84
0.83
0.83
0.82
0.81
0.8
0.74
0.72
0.68
0.67
0.66
0.63
0.62
0.62
0.61
0.6
0.59
0.58
0.58
0.54
0.54
0.51
0.5
0.48
0.47
0.47
0.46
0.45
0.45
0.45
0.44
0.44
0.42
0.42
0.4
0.4
0.4
0.39
0.38
0.38
0.37
0.36
0.36
0.35
0.35
0.35
0.33
0.33
0.32
0.32
0.32
0.32
0.31
0.31
0.3
0.3
0.3
0.3
0.29
0.28
0.28
0.28
0.28
0.27
0.27
0.27
0.27
0.27
0.27
0.26
0.25
0.25
0.24
0.24
0.24
0.24
0.23
0.23
0.23
0.23
0.22
0.21
0.21
0.21
0.21
0.21
0.21
0.21
0.2
0.2
0.19
0.19
0.19
0.18
0.18
0.18
0.18
0.18
0.17
0.17
0.17
0.17
0.17
0.16
0.16
0.16
0.16
0.15
0.15
0.15
0.14
0.14
0.14
0.14
0.14
0.13
0.13
0.13
0.12
0.12
0.12
0.12
0.12
0.12
0.12
0.12
0.12
0.12
0.11
0.11
0.11
0.1
0.1
0.1
0.1
0.1
0.1
0.09
0.09
0.09
0.09
0.09
0.09
0.08
0.08
0.08
0.08
0.08
0.08
0.08
0.07
0.07
0.07
0.07
0.07
0.07
0.07
0.07
0.07
0.07
0.07
0.07
0.07
0.07
0.06
0.06
0.06
0.06
0.06
0.06
0.05
0.05
0.05
0.05
0.05
0.05
0.05
0.05
0.05
0.04
0.04
0.04
0.04
0.04
0.04
0.04
0.04
0.04
0.04
0.04
0.03
0.03
0.03
0.03
0.03
0.03
0.03
0.03
0.03
0.03
0.03
0.03
0.03
0.03
0.03
0.02
0.02
0.02
0.02
0.02
0.02
0.02
0.02
0.02
0.02
0.02
0.02
0.02
0.02
0.02
0.02
0.02
0.02
0.02
0.02
0.01
0.01
0.01
0.01
0.01
0.01
0.01
0.01
0.01
0.01
0.01
0.01
0.01
0.01
